-1.00000000000000000e+01 2.24212964141195618e-02
-9.00000000000000000e+00 2.43238383890273038e-02
-8.00000000000000000e+00 2.30831601885166972e-02
-7.00000000000000000e+00 2.21221963632643667e-02
-6.00000000000000000e+00 2.26858914423502776e-02
-5.00000000000000000e+00 7.75486667594599451e-03
-4.00000000000000000e+00 7.18237406580607548e-04
-3.00000000000000000e+00 6.09984061706774720e-04
-2.00000000000000000e+00 7.22331765027429094e-04
-1.00000000000000000e+00 4.55815612675637639e-04
0.00000000000000000e+00 5.53852240134506974e-04
1.00000000000000000e+00 3.71238765142633848e-04
2.00000000000000000e+00 3.91144488774153158e-04
3.00000000000000000e+00 5.30004122254284214e-04
4.00000000000000000e+00 5.87118617531361955e-04
5.00000000000000000e+00 5.85240241118979384e-04
6.00000000000000000e+00 6.09948056036518221e-04
7.00000000000000000e+00 5.27323151439396945e-04
8.00000000000000000e+00 5.65225018028729046e-04
9.00000000000000000e+00 6.50746386385596810e-04
-9.00000000000000000e+00 2.23407212717025953e-02
-8.90000000000000036e+00 2.15258787224968003e-02
-8.80000000000000071e+00 2.32348934639010976e-02
-8.70000000000000107e+00 2.35418395834905321e-02
-8.60000000000000142e+00 2.26209841398942665e-02
-8.50000000000000178e+00 2.19805235866953330e-02
-8.40000000000000213e+00 2.15417756577935063e-02
-8.30000000000000249e+00 2.18335035750766085e-02
-8.20000000000000284e+00 2.21493440968718452e-02
-8.10000000000000320e+00 2.40106938384322434e-02
-8.00000000000000355e+00 2.31919438510833076e-02
-7.90000000000000391e+00 2.33956543708943900e-02
-7.80000000000000426e+00 2.25590863698051369e-02
-7.70000000000000462e+00 2.27584455168910321e-02
-7.60000000000000497e+00 2.40307512155385275e-02
-7.50000000000000533e+00 2.22910375185545392e-02
-7.40000000000000568e+00 2.32405229749892521e-02
-7.30000000000000604e+00 2.22587580624762880e-02
-7.20000000000000639e+00 2.23222276202408657e-02
-7.10000000000000675e+00 2.19722138326789475e-02
-7.00000000000000711e+00 2.17239686926872094e-02
-6.90000000000000746e+00 2.31055964052287593e-02
-6.80000000000000782e+00 2.31501569718471634e-02
-6.70000000000000817e+00 2.26815023663276619e-02
-6.60000000000000853e+00 2.23663047848813822e-02
-6.50000000000000888e+00 2.19352556164868207e-02
-6.40000000000000924e+00 2.37381943739209920e-02
-6.30000000000000959e+00 2.21829206670035375e-02
-6.20000000000000995e+00 2.23783891547049453e-02
-6.10000000000001030e+00 2.19484212101561348e-02
-6.00000000000001066e+00 2.54673068018424209e-02
-5.90000000000001101e+00 2.21037513084544404e-02
-5.80000000000001137e+00 2.23231357552581278e-02
-5.70000000000001172e+00 2.14624524491616973e-02
-5.60000000000001208e+00 2.04541866810996099e-02
-5.50000000000001243e+00 2.03315260865700835e-02
-5.40000000000001279e+00 1.92282161348851614e-02
-5.30000000000001315e+00 1.69081599302756298e-02
-5.20000000000001350e+00 1.41654141530605949e-02
-5.10000000000001386e+00 9.90279465370595344e-03
-5.00000000000001421e+00 5.91832708621029772e-03
-4.90000000000001457e+00 3.75219855384014084e-03
-4.80000000000001492e+00 2.78622584126361240e-03
-4.70000000000001528e+00 1.89468698192152849e-03
-4.60000000000001563e+00 1.39324960753532180e-03
-4.50000000000001599e+00 1.16977935541123790e-03
-4.40000000000001634e+00 1.10119164667479450e-03
-4.30000000000001670e+00 6.67543635756778536e-04
-4.20000000000001705e+00 6.54917837580376236e-04
-4.10000000000001741e+00 6.88637481554353224e-04
-4.00000000000001776e+00 7.16901435740442900e-04
-3.90000000000001767e+00 5.66948837754882562e-04
-3.80000000000001759e+00 5.14209995451219239e-04
-3.70000000000001750e+00 6.13229941446431412e-04
-3.60000000000001741e+00 6.10572756637516728e-04
-3.50000000000001732e+00 4.90860183385364484e-04
-3.40000000000001723e+00 7.16915326487114948e-04
-3.30000000000001714e+00 6.75336703585073138e-04
-3.20000000000001705e+00 4.88405259147830497e-04
-3.10000000000001696e+00 4.28557514366416684e-04
-3.00000000000001688e+00 6.40080688959577984e-04
-2.90000000000001679e+00 4.46177423422374820e-04
-2.80000000000001670e+00 6.07021872368756024e-04
-2.70000000000001661e+00 7.63612867855814224e-04
-2.60000000000001652e+00 4.34774016323788046e-04
-2.50000000000001643e+00 5.67859170925610456e-04
-2.40000000000001634e+00 6.58417087859950768e-04
-2.30000000000001625e+00 6.89995071463775215e-04
-2.20000000000001616e+00 5.75396825396825369e-04
-2.10000000000001608e+00 5.95770032767351789e-04
-2.00000000000001599e+00 3.87004392499854866e-04
-1.90000000000001590e+00 4.69318315147248611e-04
-1.80000000000001581e+00 3.54288863520056696e-04
-1.70000000000001572e+00 5.45309365688355688e-04
-1.60000000000001563e+00 6.00030969340353089e-04
-1.50000000000001554e+00 5.65566736874951233e-04
-1.40000000000001545e+00 4.88605714732439494e-04
-1.30000000000001537e+00 5.65214001715132132e-04
-1.20000000000001528e+00 6.62445202143205065e-04
-1.10000000000001519e+00 3.88674038517597192e-04
-1.00000000000001510e+00 5.68828213879408388e-04
