-1.00000000000000000e+01 7.65073646285895914e-02
-9.00000000000000000e+00 8.37422658416897836e-02
-8.00000000000000000e+00 8.48996155489107202e-02
-7.00000000000000000e+00 7.97109150813051365e-02
-6.00000000000000000e+00 8.59433458043826898e-02
-5.00000000000000000e+00 9.14267296948861191e-02
-4.00000000000000000e+00 8.83813306852035754e-03
-3.00000000000000000e+00 4.44927822819853654e-03
-2.00000000000000000e+00 1.18261555139450073e-03
-1.00000000000000000e+00 1.67619798856241372e-03
0.00000000000000000e+00 1.28129312044155340e-03
1.00000000000000000e+00 1.08395743003547487e-03
2.00000000000000000e+00 1.18261555139450073e-03
3.00000000000000000e+00 1.97258112239865864e-03
4.00000000000000000e+00 1.08395743003547487e-03
5.00000000000000000e+00 1.08395743003547487e-03
6.00000000000000000e+00 7.88099694611368320e-04
7.00000000000000000e+00 1.08395743003547487e-03
8.00000000000000000e+00 1.37999014292755043e-03
9.00000000000000000e+00 1.67619798856241372e-03
-7.50000000000000000e+00 6.92558678033891179e-02
-7.42499999999999982e+00 9.11922663802363087e-02
-7.34999999999999964e+00 7.44579587519830777e-02
-7.27499999999999947e+00 8.92033880132947349e-02
-7.19999999999999929e+00 8.64078708159555092e-02
-7.12499999999999911e+00 1.00888599913307328e-01
-7.04999999999999893e+00 9.54280784990295394e-02
-6.97499999999999876e+00 8.81533847472150828e-02
-6.89999999999999858e+00 8.73381140961147356e-02
-6.82499999999999840e+00 7.11725010544074221e-02
-6.74999999999999822e+00 8.09746754628644372e-02
-6.67499999999999805e+00 8.90866209262435732e-02
-6.59999999999999787e+00 7.91374548544720585e-02
-6.52499999999999769e+00 8.07446808510638298e-02
-6.44999999999999751e+00 8.45521511689975441e-02
-6.37499999999999734e+00 1.07489370980050153e-01
-6.29999999999999716e+00 9.59007551240560890e-02
-6.22499999999999698e+00 9.50738385253853679e-02
-6.14999999999999680e+00 8.53632478632478653e-02
-6.07499999999999662e+00 8.45521511689975441e-02
-5.99999999999999645e+00 7.32093809423198794e-02
-5.92499999999999627e+00 8.81533847472150828e-02
-5.84999999999999609e+00 8.71054039593365387e-02
-5.77499999999999591e+00 9.04894804637183386e-02
-5.69999999999999574e+00 9.06065485775630758e-02
-5.62499999999999556e+00 1.12583506735297337e-01
-5.54999999999999538e+00 9.43660454594419940e-02
-5.47499999999999520e+00 7.21899736147757209e-02
-5.39999999999999503e+00 1.23161967938087341e-01
-5.32499999999999485e+00 7.29826784959864833e-02
-5.24999999999999467e+00 8.35110921501706488e-02
-5.17499999999999449e+00 7.95961742826779978e-02
-5.09999999999999432e+00 9.33060697374085285e-02
-5.02499999999999414e+00 7.37765563893880150e-02
-4.94999999999999396e+00 7.52540220152413258e-02
-4.87499999999999378e+00 7.67355590885002714e-02
-4.79999999999999361e+00 7.68496926012295911e-02
-4.72499999999999343e+00 8.85031608271723974e-02
-4.64999999999999325e+00 8.47837693539775783e-02
-4.57499999999999307e+00 8.35110921501706488e-02
-4.49999999999999289e+00 4.99173212071103781e-02
-4.42499999999999272e+00 4.46272493573264747e-02
-4.34999999999999254e+00 5.11122607346094146e-02
-4.27499999999999236e+00 3.13705583756345163e-02
-4.19999999999999218e+00 2.27524413570925205e-02
-4.12499999999999201e+00 2.23407467042366914e-02
-4.04999999999999183e+00 1.07451994826385441e-02
-3.97499999999999165e+00 1.28614157527417745e-02
-3.89999999999999147e+00 1.56968606278744260e-02
-3.82499999999999130e+00 7.43752479174930592e-03
-3.74999999999999112e+00 1.07451994826385441e-02
-3.67499999999999094e+00 1.05441161842236147e-02
-3.59999999999999076e+00 6.43946899148008754e-03
-3.52499999999999059e+00 4.44927822819853654e-03
-3.44999999999999041e+00 4.34997528423133970e-03
-3.37499999999999023e+00 1.28129312044155340e-03
-3.29999999999999005e+00 2.26913970007892657e-03
-3.22499999999998987e+00 3.75456970655073602e-03
-3.14999999999998970e+00 2.07141448017360416e-03
-3.07499999999998952e+00 1.97258112239865864e-03
-2.99999999999998934e+00 1.18261555139450073e-03
-2.92499999999998916e+00 4.15142828901848403e-03
-2.84999999999998899e+00 9.85318750615824272e-04
-2.77499999999998881e+00 1.08395743003547487e-03
-2.69999999999998863e+00 9.85318750615824272e-04
-2.62499999999998845e+00 1.28129312044155340e-03
-2.54999999999998828e+00 1.47870662460567815e-03
-2.47499999999998810e+00 1.57744257123139105e-03
-2.39999999999998792e+00 1.08395743003547487e-03
-2.32499999999998774e+00 1.37999014292755043e-03
-2.24999999999998757e+00 2.17026733747657102e-03
-2.17499999999998739e+00 1.47870662460567815e-03
-2.09999999999998721e+00 1.77497288235874172e-03
-2.02499999999998703e+00 6.89519306540583156e-04
-1.94999999999998708e+00 1.28129312044155340e-03
-1.87499999999998712e+00 1.47870662460567815e-03
-1.79999999999998717e+00 1.67619798856241372e-03
-1.72499999999998721e+00 1.77497288235874172e-03
-1.64999999999998725e+00 7.88099694611368320e-04
-1.57499999999998730e+00 1.67619798856241372e-03
