-1.00000000000000000e+01 4.37062937062937043e-02
-9.00000000000000000e+00 4.27947598253275094e-02
-8.00000000000000000e+00 4.46194225721784771e-02
-7.00000000000000000e+00 6.18052467763450450e-02
-6.00000000000000000e+00 4.99010771598153435e-02
-5.00000000000000000e+00 6.44082906173389785e-02
-4.00000000000000000e+00 2.57731958762886584e-02
-3.00000000000000000e+00 8.38222967309304283e-04
-2.00000000000000000e+00 1.25786163522012572e-03
-1.00000000000000000e+00 4.18935902806870548e-04
0.00000000000000000e+00 2.93994120117597665e-03
1.00000000000000000e+00 4.18935902806870548e-04
2.00000000000000000e+00 6.28535512256442504e-04
3.00000000000000000e+00 8.38222967309304283e-04
4.00000000000000000e+00 6.28535512256442504e-04
5.00000000000000000e+00 3.36134453781512625e-03
6.00000000000000000e+00 6.28535512256442504e-04
7.00000000000000000e+00 6.28535512256442504e-04
8.00000000000000000e+00 2.09424083769633502e-04
9.00000000000000000e+00 4.18935902806870548e-04
-8.00000000000000000e+00 5.38393645189761683e-02
-7.90000000000000036e+00 7.95660036166365298e-02
-7.80000000000000071e+00 5.19823788546255536e-02
-7.70000000000000107e+00 2.46346555323590816e-01
-7.60000000000000142e+00 4.64504820333041177e-02
-7.50000000000000178e+00 5.03628766219485352e-02
-7.40000000000000213e+00 4.57630829866433123e-02
-7.30000000000000249e+00 5.96849345462613715e-02
-7.20000000000000284e+00 2.20858895705521474e-01
-7.10000000000000320e+00 4.73684210526315805e-02
-7.00000000000000355e+00 5.03628766219485352e-02
-6.90000000000000391e+00 6.65475658776239348e-02
-6.80000000000000426e+00 4.82879719051799855e-02
-6.70000000000000462e+00 6.84563758389261784e-02
-6.60000000000000497e+00 5.45374254802384606e-02
-6.50000000000000533e+00 8.59481582537517108e-02
-6.40000000000000568e+00 8.54545454545454497e-02
-6.30000000000000604e+00 5.66371681415929196e-02
-6.20000000000000639e+00 9.36569727501717492e-02
-6.10000000000000675e+00 5.03628766219485352e-02
-6.00000000000000711e+00 5.66371681415929196e-02
-5.90000000000000746e+00 6.36971046770601346e-02
-5.80000000000000782e+00 4.43909905969822882e-02
-5.70000000000000817e+00 9.09090909090909116e-02
-5.60000000000000853e+00 5.59363254477116961e-02
-5.50000000000000888e+00 6.34602538410153627e-02
-5.40000000000000924e+00 4.39344262295081958e-02
-5.30000000000000959e+00 5.50033134526176290e-02
-5.20000000000000995e+00 5.52364118426866973e-02
-5.10000000000001030e+00 5.54696132596685099e-02
-5.00000000000001066e+00 4.82879719051799855e-02
-4.90000000000001101e+00 4.34782608695652162e-02
-4.80000000000001137e+00 5.59363254477116961e-02
-4.70000000000001172e+00 3.96168915977361744e-02
-4.60000000000001208e+00 4.46194225721784771e-02
-4.50000000000001243e+00 4.07496186533013727e-02
-4.40000000000001279e+00 6.29868684620520786e-02
-4.30000000000001315e+00 2.97542043984476076e-02
-4.20000000000001350e+00 1.98590647021140293e-02
-4.10000000000001386e+00 4.39344262295081958e-02
-4.00000000000001421e+00 1.27226463104325692e-02
-3.90000000000001412e+00 6.53319283456269776e-03
-3.80000000000001403e+00 1.54738878143133474e-01
-3.70000000000001394e+00 2.51126851255634269e-02
-3.60000000000001386e+00 1.12216811348719043e-02
-3.50000000000001377e+00 4.41640378548895877e-03
-3.40000000000001368e+00 3.57217902920781670e-03
-3.30000000000001359e+00 1.25786163522012572e-03
-3.20000000000001350e+00 1.66028097062579823e-02
-3.10000000000001341e+00 2.09424083769633502e-04
-3.00000000000001332e+00 8.87198986058301657e-03
-2.90000000000001323e+00 6.95762175838077201e-03
-2.80000000000001315e+00 8.23305889803673148e-03
-2.70000000000001306e+00 4.18935902806870548e-04
-2.60000000000001297e+00 4.18935902806870548e-04
-2.50000000000001288e+00 9.16571428571428537e-02
-2.40000000000001279e+00 1.04799832320268279e-03
-2.30000000000001270e+00 8.38222967309304283e-04
-2.20000000000001261e+00 1.46781295869154952e-03
-2.10000000000001252e+00 8.38222967309304283e-04
-2.00000000000001243e+00 2.09424083769633502e-04
-1.90000000000001235e+00 9.39074667888227244e-02
-1.80000000000001226e+00 2.09819555182543015e-03
-1.70000000000001217e+00 8.38222967309304283e-04
-1.60000000000001208e+00 4.18935902806870548e-04
-1.50000000000001199e+00 1.04799832320268279e-03
-1.40000000000001190e+00 8.38222967309304283e-04
-1.30000000000001181e+00 2.09424083769633502e-04
-1.20000000000001172e+00 6.28535512256442504e-04
-1.10000000000001164e+00 2.09424083769633502e-04
-1.00000000000001155e+00 6.28535512256442504e-04
-9.00000000000011569e-01 8.38222967309304283e-04
-8.00000000000011591e-01 1.67785234899328855e-03
-7.00000000000011613e-01 1.25786163522012572e-03
-6.00000000000011635e-01 1.04799832320268279e-03
-5.00000000000011657e-01 2.72937224438379172e-03
-4.00000000000011680e-01 4.18935902806870548e-04
-3.00000000000011702e-01 6.28535512256442504e-04
-2.00000000000011696e-01 4.18935902806870548e-04
-1.00000000000011691e-01 8.38222967309304283e-04
-1.16850973341797726e-14 2.09424083769633502e-04
