-1.00000000000000000e+01 1.53576271551260253e-02
-9.00000000000000000e+00 1.48661295354065599e-02
-8.00000000000000000e+00 1.53029928004907289e-02
-7.00000000000000000e+00 1.56090209376177399e-02
-6.00000000000000000e+00 1.55106346336002753e-02
-5.00000000000000000e+00 2.56099634446994807e-03
-4.00000000000000000e+00 5.62083739871887286e-04
-3.00000000000000000e+00 7.53123872966035145e-04
-2.00000000000000000e+00 4.98419902861142348e-04
-1.00000000000000000e+00 5.93918696772688186e-04
0.00000000000000000e+00 4.02939336422534903e-04
1.00000000000000000e+00 5.30250808632483145e-04
2.00000000000000000e+00 6.15143126836149184e-04
3.00000000000000000e+00 7.42508618403606440e-04
4.00000000000000000e+00 6.89435723377174420e-04
5.00000000000000000e+00 5.40861560650730713e-04
6.00000000000000000e+00 5.09029979744848762e-04
7.00000000000000000e+00 5.30250808632483145e-04
8.00000000000000000e+00 4.34764166949440085e-04
9.00000000000000000e+00 5.62083739871887286e-04
-8.50000000000000000e+00 1.51282023692959899e-02
-8.42500000000000071e+00 1.57949137578328562e-02
-8.35000000000000142e+00 1.50954358632265275e-02
-8.27500000000000213e+00 1.52483643250688698e-02
-8.20000000000000284e+00 1.53794825433725083e-02
-8.12500000000000355e+00 1.50189889078957278e-02
-8.05000000000000426e+00 1.54778434348326818e-02
-7.97500000000000409e+00 1.58386631350001077e-02
-7.90000000000000391e+00 1.51172799655691845e-02
-7.82500000000000373e+00 1.49207168828933492e-02
-7.75000000000000355e+00 1.53029928004907289e-02
-7.67500000000000338e+00 1.55652913379046055e-02
-7.60000000000000320e+00 1.59808746405918529e-02
-7.52500000000000302e+00 1.57730404823428066e-02
-7.45000000000000284e+00 1.53904105903244909e-02
-7.37500000000000266e+00 1.52155900614434365e-02
-7.30000000000000249e+00 1.57074263075167413e-02
-7.22500000000000231e+00 1.54231961425865330e-02
-7.15000000000000213e+00 1.55434279501835294e-02
-7.07500000000000195e+00 1.59042942671318438e-02
-7.00000000000000178e+00 1.54341251305012330e-02
-6.92500000000000160e+00 1.62435235951183254e-02
-6.85000000000000142e+00 1.55871556670290744e-02
-6.77500000000000124e+00 1.56308871497314109e-02
-6.70000000000000107e+00 1.50189889078957278e-02
-6.62500000000000089e+00 1.57839770023363718e-02
-6.55000000000000071e+00 1.55434279501835294e-02
-6.47500000000000053e+00 1.51500478818984898e-02
-6.40000000000000036e+00 1.49425534661560312e-02
-6.32500000000000018e+00 1.57183614146525277e-02
-6.25000000000000000e+00 1.59699338803816412e-02
-6.17499999999999982e+00 1.56308871497314109e-02
-6.09999999999999964e+00 1.49534721101608307e-02
-6.02499999999999947e+00 1.56855567995865981e-02
-5.94999999999999929e+00 1.50189889078957278e-02
-5.87499999999999911e+00 1.52265145808673195e-02
-5.79999999999999893e+00 1.51828179137882806e-02
-5.72499999999999876e+00 1.49753101029552575e-02
-5.64999999999999858e+00 1.52592895498617192e-02
-5.57499999999999840e+00 1.24809512566804743e-02
-5.49999999999999822e+00 1.14172384219554026e-02
-5.42499999999999805e+00 1.02043001541887949e-02
-5.34999999999999787e+00 8.69221229098062625e-03
-5.27499999999999769e+00 6.58287811539774639e-03
-5.19999999999999751e+00 4.69628556823990448e-03
-5.12499999999999734e+00 4.09748829289059181e-03
-5.04999999999999716e+00 2.97666507202466388e-03
-4.97499999999999698e+00 2.08180649821028364e-03
-4.89999999999999680e+00 1.61370802501247445e-03
-4.82499999999999662e+00 1.19916801086679685e-03
-4.74999999999999645e+00 1.07168626119434661e-03
-4.67499999999999627e+00 9.86716462250138019e-04
-4.59999999999999609e+00 9.86716462250138019e-04
-4.52499999999999591e+00 8.06203523958034965e-04
-4.44999999999999574e+00 6.46981460268974550e-04
-4.37499999999999556e+00 5.93918696772688186e-04
-4.29999999999999538e+00 7.84970987896595977e-04
-4.22499999999999520e+00 6.68208141532848263e-04
-4.14999999999999503e+00 6.68208141532848263e-04
-4.07499999999999485e+00 7.74355057705363174e-04
-3.99999999999999467e+00 5.19640281666242446e-04
-3.92499999999999449e+00 5.83306819386997613e-04
-3.84999999999999432e+00 5.83306819386997613e-04
-3.77499999999999414e+00 5.93918696772688186e-04
-3.69999999999999396e+00 5.40861560650730713e-04
-3.62499999999999378e+00 8.06203523958034965e-04
-3.54999999999999361e+00 4.77200424178154839e-04
-3.47499999999999343e+00 6.89435723377174420e-04
-3.39999999999999325e+00 6.25755679528243870e-04
-3.32499999999999307e+00 6.36368457336797992e-04
-3.24999999999999289e+00 6.25755679528243870e-04
-3.17499999999999272e+00 5.40861560650730713e-04
-3.09999999999999254e+00 4.87810051007964054e-04
-3.02499999999999236e+00 4.77200424178154839e-04
-2.94999999999999218e+00 5.72695167089117734e-04
-2.87499999999999201e+00 5.72695167089117734e-04
-2.79999999999999183e+00 4.87810051007964054e-04
-2.72499999999999165e+00 6.36368457336797992e-04
-2.64999999999999147e+00 5.93918696772688186e-04
-2.57499999999999130e+00 5.93918696772688186e-04
