-1.00000000000000000e+01 3.29463792150359314e-02
-9.00000000000000000e+00 3.69589345172031056e-02
-8.00000000000000000e+00 4.48445537910981892e-02
-7.00000000000000000e+00 3.28321910236568648e-02
-6.00000000000000000e+00 2.74936764544154860e-02
-5.00000000000000000e+00 3.20905827119580198e-02
-4.00000000000000000e+00 1.60806174957118359e-03
-3.00000000000000000e+00 7.49785775492716367e-04
-2.00000000000000000e+00 4.81876104299405706e-04
-1.00000000000000000e+00 5.35446562433069162e-04
0.00000000000000000e+00 6.42604691014244376e-04
1.00000000000000000e+00 7.49785775492716367e-04
2.00000000000000000e+00 4.28311382374986613e-04
3.00000000000000000e+00 5.89022757697456453e-04
4.00000000000000000e+00 2.67651624645361575e-04
5.00000000000000000e+00 7.49785775492716367e-04
6.00000000000000000e+00 2.67651624645361575e-04
7.00000000000000000e+00 4.81876104299405706e-04
8.00000000000000000e+00 3.74752395738529897e-04
9.00000000000000000e+00 2.67651624645361575e-04
-7.50000000000000000e+00 3.18056322473771400e-02
-7.42499999999999982e+00 3.59241601064419561e-02
-7.34999999999999964e+00 2.95316804407713511e-02
-7.27499999999999947e+00 3.58093126385809341e-02
-7.19999999999999929e+00 2.87948026207124376e-02
-7.12499999999999911e+00 3.86881600889383004e-02
-7.04999999999999893e+00 3.45476691396301647e-02
-6.97499999999999876e+00 2.63649346369328776e-02
-6.89999999999999858e+00 3.59241601064419561e-02
-6.82499999999999840e+00 2.84550608178766040e-02
-6.74999999999999822e+00 2.93615380377898957e-02
-6.67499999999999805e+00 2.85116688683399386e-02
-6.59999999999999787e+00 3.22046069712202399e-02
-6.52499999999999769e+00 4.12928392309835635e-02
-6.44999999999999751e+00 3.34033845813516209e-02
-6.37499999999999734e+00 3.42041177772858113e-02
-6.29999999999999716e+00 3.16347374813669771e-02
-6.22499999999999698e+00 2.91914518616435345e-02
-6.14999999999999680e+00 2.86815304156344611e-02
-6.07499999999999662e+00 2.64776972094045264e-02
-5.99999999999999645e+00 2.96451399603262084e-02
-5.92499999999999627e+00 2.50699434966262548e-02
-5.84999999999999609e+00 2.93048363996915272e-02
-5.77499999999999591e+00 3.75923149536342913e-02
-5.69999999999999574e+00 2.96451399603262084e-02
-5.62499999999999556e+00 3.24327310901154769e-02
-5.54999999999999538e+00 3.19765836416855340e-02
-5.47499999999999520e+00 3.22616285493315669e-02
-5.39999999999999503e+00 3.26609560652113828e-02
-5.32499999999999485e+00 3.10086073714411839e-02
-5.24999999999999467e+00 3.73043188631064712e-02
-5.17499999999999449e+00 3.77075581718220726e-02
-5.09999999999999432e+00 3.33462367969916476e-02
-5.02499999999999414e+00 3.25468309664585301e-02
-4.94999999999999396e+00 3.32319601880011056e-02
-4.87499999999999378e+00 2.27135898418258445e-02
-4.79999999999999361e+00 2.03680445585103474e-02
-4.72499999999999343e+00 1.60404545701701914e-02
-4.64999999999999325e+00 1.19137875013538390e-02
-4.57499999999999307e+00 7.22294092281155695e-03
-4.49999999999999289e+00 7.82050590583032237e-03
-4.42499999999999272e+00 4.62365591397849440e-03
-4.34999999999999254e+00 6.62608414588159236e-03
-4.27499999999999236e+00 3.49068256269802896e-03
-4.19999999999999218e+00 2.95206913209167515e-03
-4.12499999999999201e+00 2.57538362485245200e-03
-4.04999999999999183e+00 1.87657498257466095e-03
-3.97499999999999165e+00 1.23238493275464826e-03
-3.89999999999999147e+00 1.07146683810136075e-03
-3.82499999999999130e+00 2.19898096004290684e-03
-3.74999999999999112e+00 9.10600460656703662e-04
-3.67499999999999094e+00 4.28311382374986613e-04
-3.59999999999999076e+00 7.49785775492716367e-04
-3.52499999999999059e+00 8.03384928498741412e-04
-3.44999999999999041e+00 9.64216841654167529e-04
-3.37499999999999023e+00 1.07146683810136075e-03
-3.29999999999999005e+00 4.28311382374986613e-04
-3.22499999999998987e+00 6.42604691014244376e-04
-3.14999999999998970e+00 1.55437637347912317e-03
-3.07499999999998952e+00 5.35446562433069162e-04
-2.99999999999998934e+00 4.28311382374986613e-04
-2.92499999999998916e+00 5.35446562433069162e-04
-2.84999999999998899e+00 7.49785775492716367e-04
-2.77499999999998881e+00 4.81876104299405706e-04
-2.69999999999998863e+00 2.67651624645361575e-04
-2.62499999999998845e+00 2.14109838347072053e-04
-2.54999999999998828e+00 3.74752395738529897e-04
-2.47499999999998810e+00 5.89022757697456453e-04
-2.39999999999998792e+00 3.74752395738529897e-04
-2.32499999999998774e+00 5.35446562433069162e-04
-2.24999999999998757e+00 4.81876104299405706e-04
-2.17499999999998739e+00 5.89022757697456453e-04
-2.09999999999998721e+00 1.50069675206345810e-03
-2.02499999999998703e+00 3.21199143468950735e-04
-1.94999999999998708e+00 3.74752395738529897e-04
-1.87499999999998712e+00 3.21199143468950735e-04
-1.79999999999998717e+00 5.35446562433069162e-04
-1.72499999999998721e+00 3.74752395738529897e-04
-1.64999999999998725e+00 4.81876104299405706e-04
-1.57499999999998730e+00 2.67651624645361575e-04
