-1.00000000000000000e+01 1.51282023692959899e-02
-9.00000000000000000e+00 1.50626714723761362e-02
-8.00000000000000000e+00 1.52483643250688698e-02
-7.00000000000000000e+00 1.56090209376177399e-02
-6.00000000000000000e+00 1.63420519670788994e-02
-5.00000000000000000e+00 2.13502719238613204e-03
-4.00000000000000000e+00 8.16820129842576472e-04
-3.00000000000000000e+00 4.77200424178154839e-04
-2.00000000000000000e+00 7.42508618403606440e-04
-1.00000000000000000e+00 5.40861560650730713e-04
0.00000000000000000e+00 4.55981845560009323e-04
1.00000000000000000e+00 6.04530799253351478e-04
2.00000000000000000e+00 6.36368457336797992e-04
3.00000000000000000e+00 6.04530799253351478e-04
4.00000000000000000e+00 5.40861560650730713e-04
5.00000000000000000e+00 6.15143126836149184e-04
6.00000000000000000e+00 6.04530799253351478e-04
7.00000000000000000e+00 4.87810051007964054e-04
8.00000000000000000e+00 6.46981460268974550e-04
9.00000000000000000e+00 5.30250808632483145e-04
-8.50000000000000000e+00 1.55324966093302614e-02
-8.42500000000000071e+00 1.60793520871925222e-02
-8.35000000000000142e+00 1.42333451586200959e-02
-8.27500000000000213e+00 1.55980881846365833e-02
-8.20000000000000284e+00 1.56527543034309033e-02
-8.12500000000000355e+00 1.53794825433725083e-02
-8.05000000000000426e+00 1.52483643250688698e-02
-7.97500000000000409e+00 1.63311034267308725e-02
-7.90000000000000391e+00 1.52155900614434365e-02
-7.82500000000000373e+00 1.50517504787726214e-02
-7.75000000000000355e+00 1.53576271551260253e-02
-7.67500000000000338e+00 1.50299091965400006e-02
-7.60000000000000320e+00 1.55543595263724441e-02
-7.52500000000000302e+00 1.50080688542227007e-02
-7.45000000000000284e+00 1.56090209376177399e-02
-7.37500000000000266e+00 1.50299091965400006e-02
-7.30000000000000249e+00 1.51172799655691845e-02
-7.22500000000000231e+00 1.60793520871925222e-02
-7.15000000000000213e+00 1.56308871497314109e-02
-7.07500000000000195e+00 1.57949137578328562e-02
-7.00000000000000178e+00 1.52265145808673195e-02
-6.92500000000000160e+00 1.55106346336002753e-02
-6.85000000000000142e+00 1.47569724543684718e-02
-6.77500000000000124e+00 1.52374393354066003e-02
-6.70000000000000107e+00 1.52811407048695190e-02
-6.62500000000000089e+00 1.57402323353035556e-02
-6.55000000000000071e+00 1.61121821452035012e-02
-6.47500000000000053e+00 1.50845141645955041e-02
-6.40000000000000036e+00 1.58496010681252880e-02
-6.32500000000000018e+00 1.52483643250688698e-02
-6.25000000000000000e+00 1.50845141645955041e-02
-6.17499999999999982e+00 1.56746223987770349e-02
-6.09999999999999964e+00 1.54559838121172324e-02
-6.02499999999999947e+00 1.50735927009812368e-02
-5.94999999999999929e+00 1.47133161964786985e-02
-5.87499999999999911e+00 1.46041919838256953e-02
-5.79999999999999893e+00 1.49207168828933492e-02
-5.72499999999999876e+00 1.49097989436203053e-02
-5.64999999999999858e+00 1.32965297990484069e-02
-5.57499999999999840e+00 1.38409791848007127e-02
-5.49999999999999822e+00 1.27635364335093818e-02
-5.42499999999999805e+00 1.01394034133493217e-02
-5.34999999999999787e+00 7.84095886167223907e-03
-5.27499999999999769e+00 6.63657800113099262e-03
-5.19999999999999751e+00 5.38150042625745988e-03
-5.12499999999999734e+00 3.68089022223640682e-03
-5.04999999999999716e+00 2.61426795183795782e-03
-4.97499999999999698e+00 2.16696232247373622e-03
-4.89999999999999680e+00 1.93281862302602941e-03
-4.82499999999999662e+00 1.18854329162819817e-03
-4.74999999999999645e+00 1.14604666956715515e-03
-4.67499999999999627e+00 1.03982089615584582e-03
-4.59999999999999609e+00 1.02919955861132339e-03
-4.52499999999999591e+00 8.27436960972556708e-04
-4.44999999999999574e+00 7.63739352730898567e-04
-4.37499999999999556e+00 7.53123872966035145e-04
-4.29999999999999538e+00 7.10664205859267307e-04
-4.22499999999999520e+00 8.59288805906814851e-04
-4.14999999999999503e+00 7.21278784857388284e-04
-4.07499999999999485e+00 6.57594688331936865e-04
-3.99999999999999467e+00 6.25755679528243870e-04
-3.92499999999999449e+00 6.78821819878872718e-04
-3.84999999999999432e+00 5.19640281666242446e-04
-3.77499999999999414e+00 7.00049852034917669e-04
-3.69999999999999396e+00 6.89435723377174420e-04
-3.62499999999999378e+00 5.93918696772688186e-04
-3.54999999999999361e+00 7.31893589036446200e-04
-3.47499999999999343e+00 4.98419902861142348e-04
-3.39999999999999325e+00 4.98419902861142348e-04
-3.32499999999999307e+00 4.45372893757356621e-04
-3.24999999999999289e+00 7.00049852034917669e-04
-3.17499999999999272e+00 4.87810051007964054e-04
-3.09999999999999254e+00 5.40861560650730713e-04
-3.02499999999999236e+00 6.78821819878872718e-04
-2.94999999999999218e+00 4.66591022364556041e-04
-2.87499999999999201e+00 6.57594688331936865e-04
-2.79999999999999183e+00 5.09029979744848762e-04
-2.72499999999999165e+00 6.04530799253351478e-04
-2.64999999999999147e+00 4.66591022364556041e-04
-2.57499999999999130e+00 5.09029979744848762e-04
