-1.00000000000000000e+01 1.57248402555910549e-01
-9.00000000000000000e+00 1.57556591211717723e-01
-8.00000000000000000e+00 1.55633100697906285e-01
-7.00000000000000000e+00 1.56555577728996198e-01
-6.00000000000000000e+00 1.50928408301062467e-01
-5.00000000000000000e+00 1.55095668349720966e-01
-4.00000000000000000e+00 8.62828402736559308e-02
-3.00000000000000000e+00 3.08659781918883044e-03
-2.00000000000000000e+00 3.02872966424368303e-03
-1.00000000000000000e+00 2.59493123432229028e-03
0.00000000000000000e+00 3.66564682791664263e-03
1.00000000000000000e+00 3.31813722661434586e-03
2.00000000000000000e+00 3.37603878116343476e-03
3.00000000000000000e+00 2.99979809051313835e-03
4.00000000000000000e+00 2.39262035168636474e-03
5.00000000000000000e+00 2.59493123432229028e-03
6.00000000000000000e+00 3.66564682791664263e-03
7.00000000000000000e+00 2.73948901320722081e-03
8.00000000000000000e+00 2.97086818575137022e-03
9.00000000000000000e+00 2.91301338255652974e-03
-8.00000000000000000e+00 1.55210790339191385e-01
-7.90000000000000036e+00 1.58752374287713688e-01
-7.80000000000000071e+00 1.61151367415767854e-01
-7.70000000000000107e+00 1.52683395763582724e-01
-7.60000000000000142e+00 1.51614505712866360e-01
-7.50000000000000178e+00 1.46980242108388032e-01
-7.40000000000000213e+00 1.57248402555910549e-01
-7.30000000000000249e+00 1.55249169435215939e-01
-7.20000000000000284e+00 1.60686271237357708e-01
-7.10000000000000320e+00 1.46110744891232686e-01
-7.00000000000000355e+00 1.60337693539775755e-01
-6.90000000000000391e+00 1.58945473936808412e-01
-6.80000000000000426e+00 1.58443548655761740e-01
-6.70000000000000462e+00 1.62043844405828086e-01
-6.60000000000000497e+00 1.48305924311472159e-01
-6.50000000000000533e+00 1.57710747103475823e-01
-6.40000000000000568e+00 1.52225057158951599e-01
-6.30000000000000604e+00 1.49216736069799710e-01
-6.20000000000000639e+00 1.63326753872403058e-01
-6.10000000000000675e+00 1.54252141007767379e-01
-6.00000000000000711e+00 1.52110529454641846e-01
-5.90000000000000746e+00 1.56478648396966874e-01
-5.80000000000000782e+00 1.57017368736274698e-01
-5.70000000000000817e+00 1.56209476309226936e-01
-5.60000000000000853e+00 1.55325935278091576e-01
-5.50000000000000888e+00 1.56978872067875558e-01
-5.40000000000000924e+00 1.60144129716745076e-01
-5.30000000000000959e+00 1.58482142857142849e-01
-5.20000000000000995e+00 1.59950630462339038e-01
-5.10000000000001030e+00 1.54022301871764244e-01
-5.00000000000001066e+00 1.37711032587357673e-01
-4.90000000000001101e+00 1.46337443133117945e-01
-4.80000000000001137e+00 1.36298281158094253e-01
-4.70000000000001172e+00 1.42908792111750199e-01
-4.60000000000001208e+00 1.31123544336738007e-01
-4.50000000000001243e+00 1.24575531192393521e-01
-4.40000000000001279e+00 1.16021567494704408e-01
-4.30000000000001315e+00 1.11029458751357918e-01
-4.20000000000001350e+00 9.33874162814828795e-02
-4.10000000000001386e+00 8.93455718805801768e-02
-4.00000000000001421e+00 8.79481884738126524e-02
-3.90000000000001412e+00 8.23606312447474065e-02
-3.80000000000001403e+00 6.82292946669943445e-02
-3.70000000000001394e+00 4.72848838960334902e-02
-3.60000000000001386e+00 6.94987403353314239e-03
-3.50000000000001377e+00 4.59351707401629405e-03
-3.40000000000001368e+00 3.92643704708837363e-03
-3.30000000000001359e+00 4.27436823104693133e-03
-3.20000000000001350e+00 3.66564682791664263e-03
-3.10000000000001341e+00 2.76840557141621235e-03
-3.00000000000001332e+00 2.71057412266789699e-03
-2.90000000000001323e+00 3.20235416306041210e-03
-2.80000000000001315e+00 2.68166089965397913e-03
-2.70000000000001306e+00 2.76840557141621235e-03
-2.60000000000001297e+00 3.37603878116343476e-03
-2.50000000000001288e+00 2.42151690737697810e-03
-2.40000000000001279e+00 3.02872966424368303e-03
-2.30000000000001270e+00 2.88408848383468405e-03
-2.20000000000001261e+00 2.97086818575137022e-03
-2.10000000000001252e+00 3.14447265174244185e-03
-2.00000000000001243e+00 3.81051355330388856e-03
-1.90000000000001235e+00 3.20235416306041210e-03
-1.80000000000001226e+00 2.91301338255652974e-03
-1.70000000000001217e+00 3.34708716853738056e-03
-1.60000000000001208e+00 3.14447265174244185e-03
-1.50000000000001199e+00 3.23129742361732194e-03
-1.40000000000001190e+00 3.11553440069234095e-03
-1.30000000000001181e+00 3.43394701910313370e-03
-1.20000000000001172e+00 2.56602467996770852e-03
-1.10000000000001164e+00 2.73948901320722081e-03
-1.00000000000001155e+00 3.05766290708743170e-03
-9.00000000000011569e-01 2.94193994981396551e-03
-8.00000000000011591e-01 2.45041512915129172e-03
-7.00000000000011613e-01 2.71057412266789699e-03
-6.00000000000011635e-01 3.54978354978354978e-03
-5.00000000000011657e-01 3.20235416306041210e-03
-4.00000000000011680e-01 3.63667850030305675e-03
-3.00000000000011702e-01 2.56602467996770852e-03
-2.00000000000011696e-01 3.23129742361732194e-03
-1.00000000000011691e-01 2.30594067967601537e-03
-1.16850973341797726e-14 2.71057412266789699e-03
