-1.00000000000000000e+01 1.79906415270757072e-03
-9.00000000000000000e+00 1.84924673459761139e-03
-8.00000000000000000e+00 2.15463245978854542e-03
-7.00000000000000000e+00 1.81997295086073043e-03
-6.00000000000000000e+00 1.76979330149931550e-03
-5.00000000000000000e+00 1.75030630360313057e-04
-4.00000000000000000e+00 1.25015626953369180e-04
-3.00000000000000000e+00 1.37518908849966877e-04
-2.00000000000000000e+00 1.54190437692477598e-04
-1.00000000000000000e+00 1.45854603796386970e-04
0.00000000000000000e+00 1.16680279365926023e-04
1.00000000000000000e+00 9.58425182413314623e-05
2.00000000000000000e+00 1.04177518491509535e-04
3.00000000000000000e+00 1.66694449074845805e-04
4.00000000000000000e+00 1.50022503375506325e-04
5.00000000000000000e+00 1.50022503375506325e-04
6.00000000000000000e+00 9.58425182413314623e-05
7.00000000000000000e+00 1.50022503375506325e-04
8.00000000000000000e+00 1.16680279365926023e-04
9.00000000000000000e+00 1.16680279365926023e-04
-8.50000000000000000e+00 1.94544407057035745e-03
-8.42500000000000071e+00 1.84088262181758989e-03
-8.35000000000000142e+00 1.81579112140755109e-03
-8.27500000000000213e+00 1.76143051532277580e-03
-8.20000000000000284e+00 1.79070087781910158e-03
-8.12500000000000355e+00 1.95799291114720020e-03
-8.05000000000000426e+00 1.93707835147952719e-03
-7.97500000000000409e+00 1.94544407057035745e-03
-7.90000000000000391e+00 1.84506466075021495e-03
-7.82500000000000373e+00 1.94962698250345456e-03
-7.75000000000000355e+00 2.00400801603206396e-03
-7.67500000000000338e+00 1.87015762757146669e-03
-7.60000000000000320e+00 1.83251864869490443e-03
-7.52500000000000302e+00 1.81997295086073043e-03
-7.45000000000000284e+00 1.83670061779929862e-03
-7.37500000000000266e+00 1.98309153533034145e-03
-7.30000000000000249e+00 1.90361687205690814e-03
-7.22500000000000231e+00 1.71125673024750610e-03
-7.15000000000000213e+00 1.87015762757146669e-03
-7.07500000000000195e+00 1.74888659785208344e-03
-7.00000000000000178e+00 1.93289554432091908e-03
-6.92500000000000160e+00 1.77815622730346373e-03
-6.85000000000000142e+00 1.78233774256698375e-03
-6.77500000000000124e+00 2.00819141696483364e-03
-6.70000000000000107e+00 1.81579112140755109e-03
-6.62500000000000089e+00 1.85342884336021636e-03
-6.55000000000000071e+00 1.81997295086073043e-03
-6.47500000000000053e+00 1.88270458236102010e-03
-6.40000000000000036e+00 1.80324584251652983e-03
-6.32500000000000018e+00 1.82833671450396973e-03
-6.25000000000000000e+00 1.87015762757146669e-03
-6.17499999999999982e+00 1.82415481522605737e-03
-6.09999999999999964e+00 1.77815622730346373e-03
-6.02499999999999947e+00 1.70289492136632280e-03
-5.94999999999999929e+00 1.53150859856530605e-03
-5.87499999999999911e+00 1.43121210730335442e-03
-5.79999999999999893e+00 1.18055874218349127e-03
-5.72499999999999876e+00 9.59252617091379254e-04
-5.64999999999999858e+00 7.75601090845405203e-04
-5.57499999999999840e+00 6.17047179093774441e-04
-5.49999999999999822e+00 4.54373027750103154e-04
-5.42499999999999805e+00 4.12670226468418201e-04
-5.34999999999999787e+00 3.58461782138599677e-04
-5.27499999999999769e+00 2.66737796745798858e-04
-5.19999999999999751e+00 3.25105659339285276e-04
-5.12499999999999734e+00 2.33387790484446367e-04
-5.04999999999999716e+00 2.20882111466282131e-04
-4.97499999999999698e+00 1.79198773113516173e-04
-4.89999999999999680e+00 1.83366950607611391e-04
-4.82499999999999662e+00 2.00040008001600321e-04
-4.74999999999999645e+00 1.16680279365926023e-04
-4.67499999999999627e+00 1.50022503375506325e-04
-4.59999999999999609e+00 1.37518908849966877e-04
-4.52499999999999591e+00 1.83366950607611391e-04
-4.44999999999999574e+00 1.54190437692477598e-04
-4.37499999999999556e+00 1.45854603796386970e-04
-4.29999999999999538e+00 1.12512657673988317e-04
-4.22499999999999520e+00 1.50022503375506325e-04
-4.14999999999999503e+00 9.58425182413314623e-05
-4.07499999999999485e+00 1.33351113481797585e-04
-3.99999999999999467e+00 1.20847935792241565e-04
-3.92499999999999449e+00 1.25015626953369180e-04
-3.84999999999999432e+00 1.20847935792241565e-04
-3.77499999999999414e+00 1.16680279365926023e-04
-3.69999999999999396e+00 1.75030630360313057e-04
-3.62499999999999378e+00 1.54190437692477598e-04
-3.54999999999999361e+00 1.41686738954685255e-04
-3.47499999999999343e+00 1.12512657673988317e-04
-3.39999999999999325e+00 1.37518908849966877e-04
-3.32499999999999307e+00 1.12512657673988317e-04
-3.24999999999999289e+00 1.58358406747735066e-04
-3.17499999999999272e+00 1.50022503375506325e-04
-3.09999999999999254e+00 1.37518908849966877e-04
-3.02499999999999236e+00 1.29183352849743103e-04
-2.94999999999999218e+00 1.54190437692477598e-04
-2.87499999999999201e+00 1.20847935792241565e-04
-2.79999999999999183e+00 1.25015626953369180e-04
-2.72499999999999165e+00 8.75076569199805042e-05
-2.64999999999999147e+00 1.00010001000100013e-04
-2.57499999999999130e+00 1.29183352849743103e-04
