-1.00000000000000000e+01 2.22749486507543039e-02
-9.00000000000000000e+00 2.01795306757138818e-02
-8.00000000000000000e+00 2.28907551114418337e-02
-7.00000000000000000e+00 2.27820294784580497e-02
-6.00000000000000000e+00 1.97470679666525359e-02
-5.00000000000000000e+00 1.83081698885282917e-02
-4.00000000000000000e+00 4.50544118666389420e-04
-3.00000000000000000e+00 3.81203215968949256e-04
-2.00000000000000000e+00 5.19894634687370063e-04
-1.00000000000000000e+00 5.54573498318949084e-04
0.00000000000000000e+00 2.42550242550242546e-04
1.00000000000000000e+00 2.07893004400401928e-04
2.00000000000000000e+00 5.54573498318949084e-04
3.00000000000000000e+00 1.73238167833136993e-04
4.00000000000000000e+00 4.15872465777161651e-04
5.00000000000000000e+00 4.50544118666389420e-04
6.00000000000000000e+00 2.42550242550242546e-04
7.00000000000000000e+00 6.58624514697725969e-04
8.00000000000000000e+00 6.58624514697725969e-04
9.00000000000000000e+00 5.89254766031195826e-04
-7.50000000000000000e+00 2.02155857925428520e-02
-7.42499999999999982e+00 2.16598832065121212e-02
-7.34999999999999964e+00 2.07567185289957573e-02
-7.27499999999999947e+00 2.14068360342509374e-02
-7.19999999999999929e+00 2.05401965636710752e-02
-7.12499999999999911e+00 2.13706966705586796e-02
-7.04999999999999893e+00 2.17322054295119096e-02
-6.97499999999999876e+00 2.06484460630060457e-02
-6.89999999999999858e+00 2.12622939220264637e-02
-6.82499999999999840e+00 2.10455574419920778e-02
-6.74999999999999822e+00 2.03237664357415540e-02
-6.67499999999999805e+00 2.41972680503814083e-02
-6.59999999999999787e+00 1.99992933111904185e-02
-6.52499999999999769e+00 1.90990609334180626e-02
-6.44999999999999751e+00 2.11539141816123669e-02
-6.37499999999999734e+00 2.08289129358511932e-02
-6.29999999999999716e+00 2.01795306757138818e-02
-6.22499999999999698e+00 2.26008714442594502e-02
-6.14999999999999680e+00 2.27457927369353399e-02
-6.07499999999999662e+00 2.21663538826528811e-02
-5.99999999999999645e+00 1.85956245589273123e-02
-5.92499999999999627e+00 1.92429913141727270e-02
-5.84999999999999609e+00 2.15514190671668195e-02
-5.77499999999999591e+00 2.11177927131234525e-02
-5.69999999999999574e+00 2.14068360342509374e-02
-5.62499999999999556e+00 2.18768805975432766e-02
-5.54999999999999538e+00 2.05762771787166357e-02
-5.47499999999999520e+00 2.31445381725384550e-02
-5.39999999999999503e+00 2.12622939220264637e-02
-5.32499999999999485e+00 2.15875712212902984e-02
-5.24999999999999467e+00 2.32170707500354463e-02
-5.17499999999999449e+00 2.07928144559567166e-02
-5.09999999999999432e+00 1.89551711966113659e-02
-5.02499999999999414e+00 1.29127337801326365e-02
-4.94999999999999396e+00 1.14930446056273877e-02
-4.87499999999999378e+00 9.93597592974845151e-03
-4.79999999999999361e+00 6.13432783799797848e-03
-4.72499999999999343e+00 4.34903625356620940e-03
-4.64999999999999325e+00 3.86006398664626507e-03
-4.57499999999999307e+00 2.88354641467481951e-03
-4.49999999999999289e+00 2.36119309698253413e-03
-4.42499999999999272e+00 1.66556785454040736e-03
-4.34999999999999254e+00 1.21392896781354043e-03
-4.27499999999999236e+00 1.38758802511534333e-03
-4.19999999999999218e+00 1.10976244147737118e-03
-4.12499999999999201e+00 1.10976244147737118e-03
-4.04999999999999183e+00 6.93312996152112911e-04
-3.97499999999999165e+00 5.54573498318949084e-04
-3.89999999999999147e+00 4.85218174886493621e-04
-3.82499999999999130e+00 4.85218174886493621e-04
-3.74999999999999112e+00 1.00561758790484773e-03
-3.67499999999999094e+00 3.46536368991925709e-04
-3.59999999999999076e+00 5.89254766031195826e-04
-3.52499999999999059e+00 5.19894634687370063e-04
-3.44999999999999041e+00 4.85218174886493621e-04
-3.37499999999999023e+00 3.46536368991925709e-04
-3.29999999999999005e+00 3.46536368991925709e-04
-3.22499999999998987e+00 4.50544118666389420e-04
-3.14999999999998970e+00 5.54573498318949084e-04
-3.07499999999998952e+00 4.15872465777161651e-04
-2.99999999999998934e+00 4.15872465777161651e-04
-2.92499999999998916e+00 4.85218174886493621e-04
-2.84999999999998899e+00 3.46536368991925709e-04
-2.77499999999998881e+00 1.73238167833136993e-04
-2.69999999999998863e+00 3.81203215968949256e-04
-2.62499999999998845e+00 5.19894634687370063e-04
-2.54999999999998828e+00 3.46536368991925709e-04
-2.47499999999998810e+00 3.11871924596299123e-04
-2.39999999999998792e+00 3.81203215968949256e-04
-2.32499999999998774e+00 5.19894634687370063e-04
-2.24999999999998757e+00 5.54573498318949084e-04
-2.17499999999998739e+00 4.85218174886493621e-04
-2.09999999999998721e+00 4.50544118666389420e-04
-2.02499999999998703e+00 4.85218174886493621e-04
-1.94999999999998708e+00 4.15872465777161651e-04
-1.87499999999998712e+00 4.15872465777161651e-04
-1.79999999999998717e+00 4.50544118666389420e-04
-1.72499999999998721e+00 3.11871924596299123e-04
-1.64999999999998725e+00 5.54573498318949084e-04
-1.57499999999998730e+00 5.19894634687370063e-04
