-1.00000000000000000e+01 4.82523667572968204e-02
-9.00000000000000000e+00 4.58199882345251344e-02
-8.00000000000000000e+00 4.64355788096795299e-02
-7.00000000000000000e+00 4.70518945095216301e-02
-6.00000000000000000e+00 4.71546843810334085e-02
-5.00000000000000000e+00 2.59698621352997747e-02
-4.00000000000000000e+00 1.18891183280145168e-03
-3.00000000000000000e+00 1.12626705043173563e-03
-2.00000000000000000e+00 1.18891183280145168e-03
-1.00000000000000000e+00 9.69689386593262210e-04
0.00000000000000000e+00 8.75766295508570024e-04
1.00000000000000000e+00 9.38379730997810496e-04
2.00000000000000000e+00 9.69689386593262210e-04
3.00000000000000000e+00 8.13160693063113790e-04
4.00000000000000000e+00 1.18891183280145168e-03
5.00000000000000000e+00 5.62816584328684885e-04
6.00000000000000000e+00 1.09494759893633670e-03
7.00000000000000000e+00 9.07072034030840407e-04
8.00000000000000000e+00 1.06363010698867539e-03
9.00000000000000000e+00 1.03231457440485495e-03
-9.00000000000000000e+00 4.85958646000589842e-02
-8.90000000000000036e+00 4.61960963808153782e-02
-8.80000000000000071e+00 4.64013603217684201e-02
-8.70000000000000107e+00 4.65382477025215041e-02
-8.60000000000000142e+00 4.64697995356290264e-02
-8.50000000000000178e+00 4.67436459389617628e-02
-8.40000000000000213e+00 4.71204188481675404e-02
-8.30000000000000249e+00 4.63671440716761502e-02
-8.20000000000000284e+00 4.82523667572968204e-02
-8.10000000000000320e+00 4.71546843810334085e-02
-8.00000000000000355e+00 4.62645087461173790e-02
-7.90000000000000391e+00 4.53416960669018668e-02
-7.80000000000000426e+00 4.66751709024302505e-02
-7.70000000000000462e+00 4.64013603217684201e-02
-7.60000000000000497e+00 4.52734043248187099e-02
-7.50000000000000533e+00 4.73260456895987433e-02
-7.40000000000000568e+00 4.68806228939706235e-02
-7.30000000000000604e+00 4.67094073007981170e-02
-7.20000000000000639e+00 4.73946059177795254e-02
-7.10000000000000675e+00 4.70518945095216301e-02
-7.00000000000000711e+00 4.75660457655416244e-02
-6.90000000000000746e+00 4.72232221749517289e-02
-6.80000000000000782e+00 4.69148727344107855e-02
-6.70000000000000817e+00 4.53758452843748966e-02
-6.60000000000000853e+00 4.56832886739428762e-02
-6.50000000000000888e+00 4.69148727344107855e-02
-6.40000000000000924e+00 4.67436459389617628e-02
-6.30000000000000959e+00 4.58199882345251344e-02
-6.20000000000000995e+00 4.76003404701106497e-02
-6.10000000000001030e+00 4.64013603217684201e-02
-6.00000000000001066e+00 4.73260456895987433e-02
-5.90000000000001101e+00 4.59225363621506774e-02
-5.80000000000001137e+00 4.70176357033013775e-02
-5.70000000000001172e+00 4.72917689412534759e-02
-5.60000000000001208e+00 4.82867064142042876e-02
-5.50000000000001243e+00 4.60934946060804207e-02
-5.40000000000001279e+00 4.72232221749517289e-02
-5.30000000000001315e+00 4.69491248159659771e-02
-5.20000000000001350e+00 4.41819487045617687e-02
-5.10000000000001386e+00 3.78827192527244408e-02
-5.00000000000001421e+00 2.50168166821486924e-02
-4.90000000000001457e+00 1.47133434804667673e-02
-4.80000000000001492e+00 8.00100800100800140e-03
-4.70000000000001528e+00 4.99356175999497547e-03
-4.60000000000001563e+00 4.11057767736671981e-03
-4.50000000000001599e+00 3.07190771738448994e-03
-4.40000000000001634e+00 1.78442851328929650e-03
-4.30000000000001670e+00 1.94126119356252745e-03
-4.20000000000001705e+00 1.75306786877034806e-03
-4.10000000000001741e+00 1.31422492020777273e-03
-4.00000000000001776e+00 1.15758846165879298e-03
-3.90000000000001767e+00 1.18891183280145168e-03
-3.80000000000001759e+00 1.18891183280145168e-03
-3.70000000000001750e+00 1.31422492020777273e-03
-3.60000000000001741e+00 1.09494759893633670e-03
-3.50000000000001732e+00 7.19266973136942211e-04
-3.40000000000001723e+00 1.15758846165879298e-03
-3.30000000000001714e+00 8.44462515247239873e-04
-3.20000000000001705e+00 1.03231457440485495e-03
-3.10000000000001696e+00 1.06363010698867539e-03
-3.00000000000001688e+00 1.12626705043173563e-03
-2.90000000000001679e+00 7.19266973136942211e-04
-2.80000000000001670e+00 1.12626705043173563e-03
-2.70000000000001661e+00 1.12626705043173563e-03
-2.60000000000001652e+00 1.40823032389297441e-03
-2.50000000000001643e+00 9.69689386593262210e-04
-2.40000000000001634e+00 9.69689386593262210e-04
-2.30000000000001625e+00 1.06363010698867539e-03
-2.20000000000001616e+00 1.00100100100100099e-03
-2.10000000000001608e+00 1.03231457440485495e-03
-2.00000000000001599e+00 9.38379730997810496e-04
-1.90000000000001590e+00 9.69689386593262210e-04
-1.80000000000001581e+00 9.07072034030840407e-04
-1.70000000000001572e+00 9.38379730997810496e-04
-1.60000000000001563e+00 1.34555809368839380e-03
-1.50000000000001554e+00 1.06363010698867539e-03
-1.40000000000001545e+00 9.69689386593262210e-04
-1.30000000000001537e+00 1.15758846165879298e-03
-1.20000000000001528e+00 7.19266973136942211e-04
-1.10000000000001519e+00 1.18891183280145168e-03
-1.00000000000001510e+00 7.50562922191643769e-04
