-1.00000000000000000e+01 1.59223142961767462e-02
-9.00000000000000000e+00 1.58142436695555451e-02
-8.00000000000000000e+00 1.56454066863244076e-02
-7.00000000000000000e+00 1.52922565205046036e-02
-6.00000000000000000e+00 1.67749208223737199e-02
-5.00000000000000000e+00 2.69011636022180789e-03
-4.00000000000000000e+00 4.67301523150370074e-04
-3.00000000000000000e+00 5.07826881815988894e-04
-2.00000000000000000e+00 5.57378295182478045e-04
-1.00000000000000000e+00 4.29770452017393079e-04
0.00000000000000000e+00 4.78408661714717354e-04
1.00000000000000000e+00 3.77667275130609960e-04
2.00000000000000000e+00 7.57193336698637042e-04
3.00000000000000000e+00 6.22878716615607561e-04
4.00000000000000000e+00 3.66856419987349788e-04
5.00000000000000000e+00 5.32805602070330351e-04
6.00000000000000000e+00 4.53989432134885296e-04
7.00000000000000000e+00 5.06072874493927131e-04
8.00000000000000000e+00 5.82013259780353302e-04
9.00000000000000000e+00 4.03485102573478442e-04
-8.50000000000000000e+00 1.58099012050808806e-02
-8.42500000000000071e+00 1.54902305932054212e-02
-8.35000000000000142e+00 1.64717733701792851e-02
-8.27500000000000213e+00 1.61555903471359945e-02
-8.20000000000000284e+00 1.62676198826465224e-02
-8.12500000000000355e+00 1.63169222491256379e-02
-8.05000000000000426e+00 1.54161686406606539e-02
-7.97500000000000409e+00 1.62208079391618562e-02
-7.90000000000000391e+00 1.62437237074229898e-02
-7.82500000000000373e+00 1.53131685125511112e-02
-7.75000000000000355e+00 1.53066040916508203e-02
-7.67500000000000338e+00 1.55341396161511377e-02
-7.60000000000000320e+00 1.62708465988376030e-02
-7.52500000000000302e+00 1.53319886611426072e-02
-7.45000000000000284e+00 1.56803577923564988e-02
-7.37500000000000266e+00 1.64341419974633682e-02
-7.30000000000000249e+00 1.52079956780118847e-02
-7.22500000000000231e+00 1.59783344617467835e-02
-7.15000000000000213e+00 1.57830238226699150e-02
-7.07500000000000195e+00 1.71028202035533768e-02
-7.00000000000000178e+00 1.54460068407622567e-02
-6.92500000000000160e+00 1.68859857160281353e-02
-6.85000000000000142e+00 1.53605058024074252e-02
-6.77500000000000124e+00 1.56774463151935078e-02
-6.70000000000000107e+00 1.58635866556859143e-02
-6.62500000000000089e+00 1.64310330791566025e-02
-6.55000000000000071e+00 1.54492091961519647e-02
-6.47500000000000053e+00 1.69013704543002040e-02
-6.40000000000000036e+00 1.57121619225575916e-02
-6.32500000000000018e+00 1.60780858130549729e-02
-6.25000000000000000e+00 1.56834860539061122e-02
-6.17499999999999982e+00 1.61660031366871772e-02
-6.09999999999999964e+00 1.59711765971176610e-02
-6.02499999999999947e+00 1.58362870327024667e-02
-5.94999999999999929e+00 1.56927056251083274e-02
-5.87499999999999911e+00 1.54984339561507721e-02
-5.79999999999999893e+00 1.69687466780057417e-02
-5.72499999999999876e+00 1.64018858206885637e-02
-5.64999999999999858e+00 1.54599602911978818e-02
-5.57499999999999840e+00 1.51417398517426170e-02
-5.49999999999999822e+00 1.37888669603063608e-02
-5.42499999999999805e+00 1.20672652722271234e-02
-5.34999999999999787e+00 1.05374077976817700e-02
-5.27499999999999769e+00 8.37050710147156825e-03
-5.19999999999999751e+00 6.61804945719267432e-03
-5.12499999999999734e+00 5.14344496513887296e-03
-5.04999999999999716e+00 3.27785217779478361e-03
-4.97499999999999698e+00 2.57722190638620414e-03
-4.89999999999999680e+00 2.20554682350555201e-03
-4.82499999999999662e+00 1.91112629886977764e-03
-4.74999999999999645e+00 1.08465341539703370e-03
-4.67499999999999627e+00 8.43382593590292313e-04
-4.59999999999999609e+00 9.13160931931462222e-04
-4.52499999999999591e+00 1.11298013077516540e-03
-4.44999999999999574e+00 5.19612191876306969e-04
-4.37499999999999556e+00 6.20811108717961692e-04
-4.29999999999999538e+00 5.81726209294973137e-04
-4.22499999999999520e+00 7.09597303530246581e-04
-4.14999999999999503e+00 4.66335610395503036e-04
-4.07499999999999485e+00 7.84502283913907214e-04
-3.99999999999999467e+00 4.79440820600815032e-04
-3.92499999999999449e+00 5.80090292315064743e-04
-3.84999999999999432e+00 5.05184455474305075e-04
-3.77499999999999414e+00 5.83415772518580569e-04
-3.69999999999999396e+00 4.69781615033011669e-04
-3.62499999999999378e+00 4.95168928784550720e-04
-3.54999999999999361e+00 5.44966034675048124e-04
-3.47499999999999343e+00 5.98863433653576633e-04
-3.39999999999999325e+00 3.79597879313180880e-04
-3.32499999999999307e+00 4.29667260618468109e-04
-3.24999999999999289e+00 5.95532241101861311e-04
-3.17499999999999272e+00 4.69716012238006358e-04
-3.09999999999999254e+00 5.56666076263252481e-04
-3.02499999999999236e+00 3.79420245864319297e-04
-2.94999999999999218e+00 4.42388391728601048e-04
-2.87499999999999201e+00 4.57200914401828778e-04
-2.79999999999999183e+00 5.18705008666169075e-04
-2.72499999999999165e+00 6.17727519130643085e-04
-2.64999999999999147e+00 5.94522800581873362e-04
-2.57499999999999130e+00 4.17700369601539168e-04
