-1.00000000000000000e+01 9.32695592757089159e-02
-9.00000000000000000e+00 9.30454980188550329e-02
-8.00000000000000000e+00 9.24484500887614302e-02
-7.00000000000000000e+00 9.21874466705348283e-02
-6.00000000000000000e+00 9.27842092681760711e-02
-5.00000000000000000e+00 7.66435636901958151e-02
-4.00000000000000000e+00 1.53359832243122273e-03
-3.00000000000000000e+00 8.44462515247239873e-04
-2.00000000000000000e+00 8.44462515247239873e-04
-1.00000000000000000e+00 6.87972981424729482e-04
0.00000000000000000e+00 1.00100100100100099e-03
1.00000000000000000e+00 9.38379730997810496e-04
2.00000000000000000e+00 7.81860828772478486e-04
3.00000000000000000e+00 1.18891183280145168e-03
4.00000000000000000e+00 1.12626705043173563e-03
5.00000000000000000e+00 7.81860828772478486e-04
6.00000000000000000e+00 7.81860828772478486e-04
7.00000000000000000e+00 1.06363010698867539e-03
8.00000000000000000e+00 8.75766295508570024e-04
9.00000000000000000e+00 1.18891183280145168e-03
-7.50000000000000000e+00 9.18893097212270110e-02
-7.42499999999999982e+00 9.39422945439628010e-02
-7.34999999999999964e+00 9.12563088255353982e-02
-7.27499999999999947e+00 9.29708313409385867e-02
-7.19999999999999929e+00 9.24111562489331878e-02
-7.12499999999999911e+00 9.30454980188550329e-02
-7.04999999999999893e+00 9.31201748992279837e-02
-6.97499999999999876e+00 9.08471109596045712e-02
-6.89999999999999858e+00 9.24857464750264563e-02
-6.82499999999999840e+00 9.23365762075439439e-02
-6.74999999999999822e+00 9.35684505502016317e-02
-6.67499999999999805e+00 9.20383578473193825e-02
-6.59999999999999787e+00 9.19265679383061557e-02
-6.52499999999999769e+00 9.15168673465907162e-02
-6.44999999999999751e+00 9.16658138027496294e-02
-6.37499999999999734e+00 9.22620063487729070e-02
-6.29999999999999716e+00 9.22247252372175585e-02
-6.22499999999999698e+00 9.19638286981743769e-02
-6.14999999999999680e+00 9.25230454079890713e-02
-6.07499999999999662e+00 9.22992900054614984e-02
-5.99999999999999645e+00 9.14051841746248289e-02
-5.92499999999999627e+00 9.15168673465907162e-02
-5.84999999999999609e+00 9.24857464750264563e-02
-5.77499999999999591e+00 9.21874466705348283e-02
-5.69999999999999574e+00 9.23365762075439439e-02
-5.62499999999999556e+00 9.20756262371169171e-02
-5.54999999999999538e+00 9.24484500887614302e-02
-5.47499999999999520e+00 9.33069117496327233e-02
-5.39999999999999503e+00 9.10330719399931876e-02
-5.32499999999999485e+00 9.15913354937745172e-02
-5.24999999999999467e+00 9.11818863806860835e-02
-5.17499999999999449e+00 8.95842555075079122e-02
-5.09999999999999432e+00 8.68826846002309638e-02
-5.02499999999999414e+00 8.00229504876978637e-02
-4.94999999999999396e+00 6.85901288986842939e-02
-4.87499999999999378e+00 5.33939034827835904e-02
-4.79999999999999361e+00 3.22580645161290314e-02
-4.72499999999999343e+00 1.41023609570591034e-02
-4.64999999999999325e+00 5.56201489488734532e-03
-4.57499999999999307e+00 3.89007403689296035e-03
-4.49999999999999289e+00 2.88328945718941939e-03
-4.42499999999999272e+00 2.25507391631170123e-03
-4.34999999999999254e+00 2.25507391631170123e-03
-4.27499999999999236e+00 1.81579112140755109e-03
-4.19999999999999218e+00 1.34555809368839380e-03
-4.12499999999999201e+00 1.37689322818875946e-03
-4.04999999999999183e+00 1.62764492299987480e-03
-3.97499999999999165e+00 1.34555809368839380e-03
-3.89999999999999147e+00 1.34555809368839380e-03
-3.82499999999999130e+00 1.75306786877034806e-03
-3.74999999999999112e+00 1.12626705043173563e-03
-3.67499999999999094e+00 1.43956938098516608e-03
-3.59999999999999076e+00 9.07072034030840407e-04
-3.52499999999999059e+00 1.22023716404367827e-03
-3.44999999999999041e+00 8.13160693063113790e-04
-3.37499999999999023e+00 9.07072034030840407e-04
-3.29999999999999005e+00 1.03231457440485495e-03
-3.22499999999998987e+00 1.06363010698867539e-03
-3.14999999999998970e+00 1.09494759893633670e-03
-3.07499999999998952e+00 9.69689386593262210e-04
-2.99999999999998934e+00 7.19266973136942211e-04
-2.92499999999998916e+00 8.44462515247239873e-04
-2.84999999999998899e+00 1.22023716404367827e-03
-2.77499999999998881e+00 9.69689386593262210e-04
-2.69999999999998863e+00 7.19266973136942211e-04
-2.62499999999998845e+00 9.69689386593262210e-04
-2.54999999999998828e+00 9.38379730997810496e-04
-2.47499999999998810e+00 1.03231457440485495e-03
-2.39999999999998792e+00 9.38379730997810496e-04
-2.32499999999998774e+00 1.03231457440485495e-03
-2.24999999999998757e+00 1.25156445556946186e-03
-2.17499999999998739e+00 9.69689386593262210e-04
-2.09999999999998721e+00 1.37689322818875946e-03
-2.02499999999998703e+00 8.44462515247239873e-04
-1.94999999999998708e+00 7.81860828772478486e-04
-1.87499999999998712e+00 1.22023716404367827e-03
-1.79999999999998717e+00 7.81860828772478486e-04
-1.72499999999998721e+00 8.13160693063113790e-04
-1.64999999999998725e+00 7.81860828772478486e-04
-1.57499999999998730e+00 6.25390869293308317e-04
