-1.00000000000000000e+01 4.66191521617422278e-02
-9.00000000000000000e+00 4.19850196648212659e-02
-8.00000000000000000e+00 3.69585540666874449e-02
-7.00000000000000000e+00 3.50748404275173856e-02
-6.00000000000000000e+00 3.62158627347180240e-02
-5.00000000000000000e+00 1.81813731189836535e-02
-4.00000000000000000e+00 5.03787466927621292e-03
-3.00000000000000000e+00 2.39181120958170419e-03
-2.00000000000000000e+00 2.88121903292305097e-03
-1.00000000000000000e+00 2.37369416697793796e-03
0.00000000000000000e+00 2.62135044743740412e-03
1.00000000000000000e+00 2.44012652507907823e-03
2.00000000000000000e+00 2.10805276154911762e-03
3.00000000000000000e+00 2.52468953549327873e-03
4.00000000000000000e+00 2.33746204636368004e-03
5.00000000000000000e+00 2.42804725956005966e-03
6.00000000000000000e+00 2.39181120958170419e-03
7.00000000000000000e+00 2.44616626700567543e-03
8.00000000000000000e+00 2.96585648148148164e-03
9.00000000000000000e+00 2.28311877639291328e-03
-9.00000000000000000e+00 4.08052196650756580e-02
-8.90000000000000036e+00 3.72235971797093695e-02
-8.80000000000000071e+00 3.49074442675159219e-02
-8.70000000000000107e+00 3.60287432905338906e-02
-8.60000000000000142e+00 3.70684335517007107e-02
-8.50000000000000178e+00 3.70555053448437047e-02
-8.40000000000000213e+00 3.76117094587431200e-02
-8.30000000000000249e+00 4.38939918686944708e-02
-8.20000000000000284e+00 3.77929279383237351e-02
-8.10000000000000320e+00 3.77864547597959108e-02
-8.00000000000000355e+00 3.51263578334390994e-02
-7.90000000000000391e+00 3.67259449422379508e-02
-7.80000000000000426e+00 3.63384948862008408e-02
-7.70000000000000462e+00 3.80454449033578307e-02
-7.60000000000000497e+00 3.67065655590102721e-02
-7.50000000000000533e+00 3.94786987461030470e-02
-7.40000000000000568e+00 3.74823064307939838e-02
-7.30000000000000604e+00 3.40648481345440304e-02
-7.20000000000000639e+00 3.31658790727711941e-02
-7.10000000000000675e+00 3.43541348054757709e-02
-7.00000000000000711e+00 3.85573303870714035e-02
-6.90000000000000746e+00 3.60545488511115272e-02
-6.80000000000000782e+00 3.59190839979827009e-02
-6.70000000000000817e+00 3.40134363327885061e-02
-6.60000000000000853e+00 3.77411447710645012e-02
-6.50000000000000888e+00 3.54549018875674471e-02
-6.40000000000000924e+00 3.72623953417330067e-02
-6.30000000000000959e+00 3.80778277606893048e-02
-6.20000000000000995e+00 3.37821464742175809e-02
-6.10000000000001030e+00 3.74305542565330426e-02
-6.00000000000001066e+00 3.88102195249868873e-02
-5.90000000000001101e+00 3.52551737869756243e-02
-5.80000000000001137e+00 3.92644321461141574e-02
-5.70000000000001172e+00 3.68357751341380560e-02
-5.60000000000001208e+00 4.35731623942345672e-02
-5.50000000000001243e+00 3.07847668374522168e-02
-5.40000000000001279e+00 2.78809145780177549e-02
-5.30000000000001315e+00 2.98787394848749333e-02
-5.20000000000001350e+00 2.63528018358131604e-02
-5.10000000000001386e+00 2.07236721021827955e-02
-5.00000000000001421e+00 1.95790054232925816e-02
-4.90000000000001457e+00 1.38692536440306151e-02
-4.80000000000001492e+00 1.18714574160118710e-02
-4.70000000000001528e+00 1.14101262590955797e-02
-4.60000000000001563e+00 8.68763905981921429e-03
-4.50000000000001599e+00 8.78549211488440646e-03
-4.40000000000001634e+00 7.45997529488701041e-03
-4.30000000000001670e+00 7.72846206027715844e-03
-4.20000000000001705e+00 5.25647997099873161e-03
-4.10000000000001741e+00 6.37528277463919775e-03
-4.00000000000001776e+00 4.21288975265870797e-03
-3.90000000000001767e+00 4.63734511991884674e-03
-3.80000000000001759e+00 3.59503932828258467e-03
-3.70000000000001750e+00 2.34953912886318433e-03
-3.60000000000001741e+00 4.04320801400036203e-03
-3.50000000000001732e+00 2.60926681410329807e-03
-3.40000000000001723e+00 3.48003353377200663e-03
-3.30000000000001714e+00 2.65760309511326462e-03
-3.20000000000001705e+00 2.31934696828217700e-03
-3.10000000000001696e+00 2.81472820092458107e-03
-3.00000000000001688e+00 2.74220280247099591e-03
-2.90000000000001679e+00 2.28311877639291328e-03
-2.80000000000001670e+00 2.56093519327528539e-03
-2.70000000000001661e+00 3.64347070746066969e-03
-2.60000000000001652e+00 2.51864884732649636e-03
-2.50000000000001643e+00 2.02356002023560029e-03
-2.40000000000001634e+00 2.56697639104812173e-03
-2.30000000000001625e+00 2.29519454936475504e-03
-2.20000000000001616e+00 2.68781563754263726e-03
-2.10000000000001608e+00 2.22274427598171190e-03
-2.00000000000001599e+00 2.15634072592788906e-03
-1.90000000000001590e+00 2.16237704868661208e-03
-1.80000000000001581e+00 2.47636606836216383e-03
-1.70000000000001572e+00 2.27104329439829387e-03
-1.60000000000001563e+00 2.40992890709724062e-03
-1.50000000000001554e+00 2.81472820092458107e-03
-1.40000000000001545e+00 2.18652306691483403e-03
-1.30000000000001537e+00 2.53073029645697759e-03
-1.20000000000001528e+00 2.36765529830649385e-03
-1.10000000000001519e+00 2.11408850261098980e-03
-1.00000000000001510e+00 2.49448682260221960e-03
