-1.00000000000000000e+01 3.43376228343718129e-02
-9.00000000000000000e+00 3.67332951248766568e-02
-8.00000000000000000e+00 3.82915268679767801e-02
-7.00000000000000000e+00 3.69293502349082522e-02
-6.00000000000000000e+00 3.23294247774594187e-02
-5.00000000000000000e+00 1.64460535843591604e-02
-4.00000000000000000e+00 3.75843072645832242e-03
-3.00000000000000000e+00 2.48530243559638708e-03
-2.00000000000000000e+00 2.37649101960605083e-03
-1.00000000000000000e+00 2.49675764310649216e-03
0.00000000000000000e+00 2.26770322219493111e-03
1.00000000000000000e+00 2.10170420797733829e-03
2.00000000000000000e+00 2.46812011517893873e-03
3.00000000000000000e+00 2.15321525869996075e-03
4.00000000000000000e+00 4.70677156697701590e-03
5.00000000000000000e+00 2.31350573235309222e-03
6.00000000000000000e+00 2.55976596425469679e-03
7.00000000000000000e+00 2.34786036229027786e-03
8.00000000000000000e+00 2.25052836008453761e-03
9.00000000000000000e+00 2.43948422333563775e-03
-9.00000000000000000e+00 3.62802015107399553e-02
-8.90000000000000036e+00 3.67210441420628766e-02
-8.80000000000000071e+00 3.59865146514415299e-02
-8.70000000000000107e+00 3.50209701109557778e-02
-8.60000000000000142e+00 3.65434374224648181e-02
-8.50000000000000178e+00 3.67210441420628766e-02
-8.40000000000000213e+00 3.50026543974517809e-02
-8.30000000000000249e+00 3.58275037633932550e-02
-8.20000000000000284e+00 3.49599202533960110e-02
-8.10000000000000320e+00 4.15951845278023438e-02
-8.00000000000000355e+00 3.33873200035336715e-02
-7.90000000000000391e+00 3.62618412038458807e-02
-7.80000000000000426e+00 3.45083750464297706e-02
-7.70000000000000462e+00 3.48622554599446813e-02
-7.60000000000000497e+00 3.57480166225916107e-02
-7.50000000000000533e+00 3.59314668965272921e-02
-7.40000000000000568e+00 3.70886996199516483e-02
-7.30000000000000604e+00 3.76038555926791057e-02
-7.20000000000000639e+00 3.37647952961415837e-02
-7.10000000000000675e+00 3.80274024468160651e-02
-7.00000000000000711e+00 3.68925842537273715e-02
-6.90000000000000746e+00 3.51919480350916525e-02
-6.80000000000000782e+00 3.45937722955005078e-02
-6.70000000000000817e+00 3.62740813361524181e-02
-6.60000000000000853e+00 3.48622554599446813e-02
-6.50000000000000888e+00 3.43681101665939612e-02
-6.40000000000000924e+00 3.45876720244342531e-02
-6.30000000000000959e+00 3.65495607790780816e-02
-6.20000000000000995e+00 3.35394946103551861e-02
-6.10000000000001030e+00 3.52652415819502407e-02
-6.00000000000001066e+00 3.77388619790280516e-02
-5.90000000000001101e+00 3.64699627857522565e-02
-5.80000000000001137e+00 3.29675505109970346e-02
-5.70000000000001172e+00 3.46852849948697389e-02
-5.60000000000001208e+00 3.40450358601425002e-02
-5.50000000000001243e+00 2.86558484194728465e-02
-5.40000000000001279e+00 3.31013530222206490e-02
-5.30000000000001315e+00 2.44816694011245339e-02
-5.20000000000001350e+00 2.47389445651412139e-02
-5.10000000000001386e+00 2.23208823478002472e-02
-5.00000000000001421e+00 1.84401608943216833e-02
-4.90000000000001457e+00 1.32646520410932799e-02
-4.80000000000001492e+00 1.46415932273957390e-02
-4.70000000000001528e+00 1.16989073716377897e-02
-4.60000000000001563e+00 8.08935055384473953e-03
-4.50000000000001599e+00 8.50652933603089981e-03
-4.40000000000001634e+00 8.58189008512913118e-03
-4.30000000000001670e+00 5.59350786300490555e-03
-4.20000000000001705e+00 5.31695466837787088e-03
-4.10000000000001741e+00 7.32541851333042438e-03
-4.00000000000001776e+00 5.12115483760096270e-03
-3.90000000000001767e+00 3.70675453047775941e-03
-3.80000000000001759e+00 3.51158135544752661e-03
-3.70000000000001750e+00 4.53996370319056930e-03
-3.60000000000001741e+00 3.72397933792109267e-03
-3.50000000000001732e+00 2.53112483644819765e-03
-3.40000000000001723e+00 3.01251307613598042e-03
-3.30000000000001714e+00 2.62851134831203854e-03
-3.20000000000001705e+00 2.81187847198408883e-03
-3.10000000000001696e+00 2.30778018964926303e-03
-3.00000000000001688e+00 2.65142857142857151e-03
-2.90000000000001679e+00 2.67434684221353651e-03
-2.80000000000001670e+00 2.22762945954282183e-03
-2.70000000000001661e+00 2.15321525869996075e-03
-2.60000000000001652e+00 2.59986629259066669e-03
-2.50000000000001643e+00 3.32222114213502747e-03
-2.40000000000001634e+00 2.62851134831203854e-03
-2.30000000000001625e+00 2.69726616073877670e-03
-2.20000000000001616e+00 2.82334114419614812e-03
-2.10000000000001608e+00 2.61132411846383286e-03
-2.00000000000001599e+00 2.27915345728729344e-03
-1.90000000000001590e+00 2.62278220622267928e-03
-1.80000000000001581e+00 3.09278939876402774e-03
-1.70000000000001572e+00 2.39367019909166208e-03
-1.60000000000001563e+00 2.14176790089611567e-03
-1.50000000000001554e+00 2.53112483644819765e-03
-1.40000000000001545e+00 2.25625324871907632e-03
-1.30000000000001537e+00 2.29060395400512967e-03
-1.20000000000001528e+00 2.19328307059629864e-03
-1.10000000000001519e+00 2.27342830703848846e-03
-1.00000000000001510e+00 2.45666556211935954e-03
