-1.00000000000000000e+01 2.75123913511960347e-02
-9.00000000000000000e+00 2.92582518562081902e-02
-8.00000000000000000e+00 2.60006064281382669e-02
-7.00000000000000000e+00 2.31904427266338732e-02
-6.00000000000000000e+00 2.41981265966505835e-02
-5.00000000000000000e+00 2.21450026503327638e-02
-4.00000000000000000e+00 6.59429846809374037e-04
-3.00000000000000000e+00 4.07062534981936599e-04
-2.00000000000000000e+00 2.48855265777423861e-04
-1.00000000000000000e+00 3.58092899529363607e-04
0.00000000000000000e+00 3.52715912526453679e-04
1.00000000000000000e+00 4.07477206743747775e-04
2.00000000000000000e+00 3.49702752660238788e-04
3.00000000000000000e+00 1.50685619569039124e-04
4.00000000000000000e+00 2.53318471982976997e-04
5.00000000000000000e+00 4.05864745573537617e-04
6.00000000000000000e+00 3.06576056409994379e-04
7.00000000000000000e+00 2.02398421292313924e-04
8.00000000000000000e+00 3.98644608331672336e-04
9.00000000000000000e+00 1.01399310484688709e-04
-7.50000000000000000e+00 2.37566607460035530e-02
-7.42499999999999982e+00 2.77620796835264215e-02
-7.34999999999999964e+00 2.60554549254563179e-02
-7.27499999999999947e+00 2.82055078472016572e-02
-7.19999999999999929e+00 2.32709402327094007e-02
-7.12499999999999911e+00 2.84789644012945001e-02
-7.04999999999999893e+00 2.42424242424242424e-02
-6.97499999999999876e+00 2.55823924539088192e-02
-6.89999999999999858e+00 2.33593692970289792e-02
-6.82499999999999840e+00 2.59044543920158507e-02
-6.74999999999999822e+00 3.29646806992507993e-02
-6.67499999999999805e+00 2.27289444648767942e-02
-6.59999999999999787e+00 2.44011640922319230e-02
-6.52499999999999769e+00 2.65075735924549874e-02
-6.44999999999999751e+00 2.35047533498016319e-02
-6.37499999999999734e+00 3.12278714063163841e-02
-6.29999999999999716e+00 2.56465672501981108e-02
-6.22499999999999698e+00 2.82682944553448168e-02
-6.14999999999999680e+00 2.92937974502220297e-02
-6.07499999999999662e+00 2.39346590909090898e-02
-5.99999999999999645e+00 2.50497310837692472e-02
-5.92499999999999627e+00 2.55854293148308765e-02
-5.84999999999999609e+00 2.73567200808430763e-02
-5.77499999999999591e+00 2.71160313901345276e-02
-5.69999999999999574e+00 2.84480394845078137e-02
-5.62499999999999556e+00 2.66583141922461207e-02
-5.54999999999999538e+00 2.92553191489361708e-02
-5.47499999999999520e+00 2.30408747721947416e-02
-5.39999999999999503e+00 2.46566383257030737e-02
-5.32499999999999485e+00 3.01136741341487719e-02
-5.24999999999999467e+00 2.44665540329140861e-02
-5.17499999999999449e+00 2.31281608486493158e-02
-5.09999999999999432e+00 2.68306316377864736e-02
-5.02499999999999414e+00 2.40985685812647212e-02
-4.94999999999999396e+00 2.11535189701128577e-02
-4.87499999999999378e+00 1.85943164542158798e-02
-4.79999999999999361e+00 1.07023771108959876e-02
-4.72499999999999343e+00 1.23470400176386285e-02
-4.64999999999999325e+00 4.91853673532124166e-03
-4.57499999999999307e+00 6.37341970535994142e-03
-4.49999999999999289e+00 4.14350682162708400e-03
-4.42499999999999272e+00 2.60323617987851582e-03
-4.34999999999999254e+00 2.23535840246386151e-03
-4.27499999999999236e+00 1.89545091779728643e-03
-4.19999999999999218e+00 2.31295253419147237e-03
-4.12499999999999201e+00 9.55446042441918889e-04
-4.04999999999999183e+00 1.20234457191523473e-03
-3.97499999999999165e+00 7.92942808999900855e-04
-3.89999999999999147e+00 1.51156346047261539e-04
-3.82499999999999130e+00 1.39895078690981762e-03
-3.74999999999999112e+00 4.55258232586372631e-04
-3.67499999999999094e+00 4.04960769425461928e-04
-3.59999999999999076e+00 6.05815831987075912e-04
-3.52499999999999059e+00 3.58845542625724082e-04
-3.44999999999999041e+00 3.12012480499219969e-04
-3.37499999999999023e+00 3.05265835665225155e-04
-3.29999999999999005e+00 3.09214594928880666e-04
-3.22499999999998987e+00 3.50332816175366623e-04
-3.14999999999998970e+00 5.02436818570064798e-04
-3.07499999999998952e+00 4.51739195904231306e-04
-2.99999999999998934e+00 5.98653030680967846e-04
-2.92499999999998916e+00 4.04878789412419665e-04
-2.84999999999998899e+00 4.57270602581038525e-04
-2.77499999999998881e+00 4.53240670796192780e-04
-2.69999999999998863e+00 6.46026934353724556e-04
-2.62499999999998845e+00 3.49196847251321966e-04
-2.54999999999998828e+00 3.43878954607977996e-04
-2.47499999999998810e+00 4.10235372544997677e-04
-2.39999999999998792e+00 7.55934082548001844e-04
-2.32499999999998774e+00 6.08056751963516567e-04
-2.24999999999998757e+00 2.00712529479652775e-04
-2.17499999999998739e+00 3.46483195565015106e-04
-2.09999999999998721e+00 3.00090027008102442e-04
-2.02499999999998703e+00 4.03266458312329871e-04
-1.94999999999998708e+00 7.47011952191235047e-04
-1.87499999999998712e+00 4.00300225168876680e-04
-1.79999999999998717e+00 2.02112071143449048e-04
-1.72499999999998721e+00 2.49575721273834477e-04
-1.64999999999998725e+00 4.49797591084012184e-04
-1.57499999999998730e+00 6.73610031607855381e-04
