-1.00000000000000000e+01 1.63688015752528962e-02
-9.00000000000000000e+00 1.71482012403124558e-02
-8.00000000000000000e+00 1.62867663501244792e-02
-7.00000000000000000e+00 1.69744714057448627e-02
-6.00000000000000000e+00 1.46929778376822581e-02
-5.00000000000000000e+00 3.25385524282727906e-03
-4.00000000000000000e+00 4.47465170278637788e-04
-3.00000000000000000e+00 5.56649824441209193e-04
-2.00000000000000000e+00 1.20686817708047620e-03
-1.00000000000000000e+00 6.16739022650042911e-04
0.00000000000000000e+00 6.64719262832435859e-04
1.00000000000000000e+00 5.53729852057828682e-04
2.00000000000000000e+00 7.83308842281675425e-04
3.00000000000000000e+00 1.09089819282524652e-03
4.00000000000000000e+00 6.75564644233051588e-04
5.00000000000000000e+00 5.43717315869214558e-04
6.00000000000000000e+00 6.34851535433784953e-04
7.00000000000000000e+00 5.65976216695067967e-04
8.00000000000000000e+00 5.58442189093381284e-04
9.00000000000000000e+00 7.77604976671850698e-04
-8.50000000000000000e+00 1.72603964823371606e-02
-8.42500000000000071e+00 1.92111841496157773e-02
-8.35000000000000142e+00 1.73084763351988441e-02
-8.27500000000000213e+00 1.68149550748265507e-02
-8.20000000000000284e+00 1.61658397255635237e-02
-8.12500000000000355e+00 1.61746774849091529e-02
-8.05000000000000426e+00 1.63224099688289853e-02
-7.97500000000000409e+00 1.73123685349007191e-02
-7.90000000000000391e+00 1.69494098447758937e-02
-7.82500000000000373e+00 1.65131955102163636e-02
-7.75000000000000355e+00 1.84452830188679244e-02
-7.67500000000000338e+00 1.82744580332707858e-02
-7.60000000000000320e+00 1.57150848405743053e-02
-7.52500000000000302e+00 1.59733299063371699e-02
-7.45000000000000284e+00 1.89100420139645710e-02
-7.37500000000000266e+00 1.72594414271173106e-02
-7.30000000000000249e+00 1.55176219557059819e-02
-7.22500000000000231e+00 1.70611521954690294e-02
-7.15000000000000213e+00 1.64316768311092327e-02
-7.07500000000000195e+00 1.62755460290476377e-02
-7.00000000000000178e+00 1.56840819809613494e-02
-6.92500000000000160e+00 1.56248847858306856e-02
-6.85000000000000142e+00 1.84419760518607159e-02
-6.77500000000000124e+00 1.91580502215657304e-02
-6.70000000000000107e+00 1.76022870447462079e-02
-6.62500000000000089e+00 1.67396652066958661e-02
-6.55000000000000071e+00 1.60556097779036080e-02
-6.47500000000000053e+00 1.71306053155368225e-02
-6.40000000000000036e+00 1.65443463117303131e-02
-6.32500000000000018e+00 1.67590344552760347e-02
-6.25000000000000000e+00 1.61598139793359130e-02
-6.17499999999999982e+00 1.69770184781443227e-02
-6.09999999999999964e+00 1.65454737063968800e-02
-6.02499999999999947e+00 1.62592525221430875e-02
-5.94999999999999929e+00 1.62042175360710312e-02
-5.87499999999999911e+00 1.71489076048969187e-02
-5.79999999999999893e+00 1.47095315558741623e-02
-5.72499999999999876e+00 1.33174105854964343e-02
-5.64999999999999858e+00 1.26488928103456223e-02
-5.57499999999999840e+00 1.19988789749138052e-02
-5.49999999999999822e+00 1.04203821656050962e-02
-5.42499999999999805e+00 1.00768496789333875e-02
-5.34999999999999787e+00 7.63634803606121331e-03
-5.27499999999999769e+00 5.86629279811097960e-03
-5.19999999999999751e+00 6.01709736201646098e-03
-5.12499999999999734e+00 4.72279385429756008e-03
-5.04999999999999716e+00 3.44214013989446559e-03
-4.97499999999999698e+00 3.33158620855850173e-03
-4.89999999999999680e+00 2.00157440913889583e-03
-4.82499999999999662e+00 2.42618856480242631e-03
-4.74999999999999645e+00 1.98778152639737414e-03
-4.67499999999999627e+00 2.02511138112596197e-03
-4.59999999999999609e+00 1.53706672430666881e-03
-4.52499999999999591e+00 1.00609044034422664e-03
-4.44999999999999574e+00 1.77294272309529263e-03
-4.37499999999999556e+00 1.29483045050327364e-03
-4.29999999999999538e+00 9.18423453634721284e-04
-4.22499999999999520e+00 1.05439471718121128e-03
-4.14999999999999503e+00 8.03095568372636372e-04
-4.07499999999999485e+00 6.66122566552245659e-04
-3.99999999999999467e+00 4.93404431128469426e-04
-3.92499999999999449e+00 8.94175258350636765e-04
-3.84999999999999432e+00 6.13335132449721880e-04
-3.77499999999999414e+00 6.30295390358904715e-04
-3.69999999999999396e+00 6.00477980472456023e-04
-3.62499999999999378e+00 6.94243214527190161e-04
-3.54999999999999361e+00 5.33187918446484301e-04
-3.47499999999999343e+00 5.75408843125378559e-04
-3.39999999999999325e+00 6.77155459032094701e-04
-3.32499999999999307e+00 8.16679477325134556e-04
-3.24999999999999289e+00 5.12524448005278370e-04
-3.17499999999999272e+00 5.94880423026078573e-04
-3.09999999999999254e+00 5.34595059604276715e-04
-3.02499999999999236e+00 7.37283384922859464e-04
-2.94999999999999218e+00 7.69935838680109973e-04
-2.87499999999999201e+00 6.60130559155032914e-04
-2.79999999999999183e+00 6.05991516118774298e-04
-2.72499999999999165e+00 5.93060011742588202e-04
-2.64999999999999147e+00 7.16101977776564054e-04
-2.57499999999999130e+00 6.76628136453340896e-04
