-1.00000000000000000e+01 2.85453524290929517e-01
-9.00000000000000000e+00 3.23550672256758709e-01
-8.00000000000000000e+00 3.38743876581121595e-01
-7.00000000000000000e+00 3.20877218294618405e-01
-6.00000000000000000e+00 3.08979124964255059e-01
-5.00000000000000000e+00 3.43754586819316033e-01
-4.00000000000000000e+00 2.68708425720620869e-01
-3.00000000000000000e+00 1.18817352859906054e-02
-2.00000000000000000e+00 8.81542699724517827e-03
-1.00000000000000000e+00 9.59417732686369644e-03
0.00000000000000000e+00 1.00954377448005742e-02
1.00000000000000000e+00 9.09341416368145486e-03
2.00000000000000000e+00 8.03787711957718552e-03
3.00000000000000000e+00 1.00954377448005742e-02
4.00000000000000000e+00 7.70500825536598807e-03
5.00000000000000000e+00 1.10436223081170626e-02
6.00000000000000000e+00 7.31693898883204082e-03
7.00000000000000000e+00 1.06529778660926205e-02
8.00000000000000000e+00 7.76047113214816450e-03
9.00000000000000000e+00 8.70427501101806930e-03
-6.50000000000000000e+00 3.24124963841481040e-01
-6.42499999999999982e+00 3.29605693123229959e-01
-6.34999999999999964e+00 3.24029213970641383e-01
-6.27499999999999947e+00 3.38352459615525181e-01
-6.19999999999999929e+00 3.29412618892035158e-01
-6.12499999999999911e+00 3.38450292397660835e-01
-6.04999999999999893e+00 3.47016846906495979e-01
-5.97499999999999876e+00 3.28640882374283461e-01
-5.89999999999999858e+00 3.20591417237648779e-01
-5.82499999999999840e+00 3.45630925259057864e-01
-5.74999999999999822e+00 3.19734755658065473e-01
-5.67499999999999805e+00 3.28930178545507323e-01
-5.59999999999999787e+00 3.32508551051597434e-01
-5.52499999999999769e+00 3.27388719733217315e-01
-5.44999999999999751e+00 3.25275043427909694e-01
-5.37499999999999734e+00 3.39821454705107551e-01
-5.29999999999999716e+00 3.29316102802381272e-01
-5.22499999999999698e+00 3.44247852580574110e-01
-5.14999999999999680e+00 3.25466917619806007e-01
-5.07499999999999662e+00 3.31733216961233535e-01
-4.99999999999999645e+00 3.45828739434031585e-01
-4.92499999999999627e+00 3.16129959746981049e-01
-4.84999999999999609e+00 3.29316102802381272e-01
-4.77499999999999591e+00 3.26619330531806973e-01
-4.69999999999999574e+00 3.38254641134337064e-01
-4.62499999999999556e+00 3.23072476334995307e-01
-4.54999999999999538e+00 3.44050502826102889e-01
-4.47499999999999520e+00 3.48405626334781671e-01
-4.39999999999999503e+00 3.30958784618739565e-01
-4.32499999999999485e+00 3.19639639639639650e-01
-4.24999999999999467e+00 3.07390217779364538e-01
-4.17499999999999449e+00 3.05339702003279367e-01
-4.09999999999999432e+00 2.87260967379077636e-01
-4.02499999999999414e+00 2.81405276786339142e-01
-3.94999999999999396e+00 2.45832482819623055e-01
-3.87499999999999378e+00 1.98926139339968583e-01
-3.79999999999999361e+00 1.58787418517815332e-01
-3.72499999999999343e+00 1.30595862920654532e-01
-3.64999999999999325e+00 1.09428017450315079e-01
-3.57499999999999307e+00 1.05743100428769859e-01
-3.49999999999999289e+00 1.00228337940151430e-01
-3.42499999999999272e+00 9.54232725097218099e-02
-3.34999999999999254e+00 1.88637248901007172e-02
-3.27499999999999236e+00 1.05971961585163924e-02
-3.19999999999999218e+00 9.14902998236331519e-03
-3.12499999999999201e+00 1.29453418897986280e-02
-3.04999999999999183e+00 9.37155457552370404e-03
-2.97499999999999165e+00 8.92660348247740869e-03
-2.89999999999999147e+00 9.48285367736244333e-03
-2.82499999999999130e+00 9.26028001322897094e-03
-2.74999999999999112e+00 9.87259389995036145e-03
-2.67499999999999094e+00 1.02626351798719932e-02
-2.59999999999999076e+00 9.03780447481538664e-03
-2.52499999999999059e+00 8.75984794226213406e-03
-2.44999999999999041e+00 1.10436223081170626e-02
-2.37499999999999023e+00 1.12111338156514057e-02
-2.29999999999999005e+00 9.37155457552370404e-03
-2.22499999999998987e+00 9.03780447481538664e-03
-2.14999999999998970e+00 9.87259389995036145e-03
-2.07499999999998952e+00 9.03780447481538664e-03
-1.99999999999998956e+00 9.59417732686369644e-03
-1.92499999999998961e+00 9.81689830134568724e-03
-1.84999999999998965e+00 9.31591422744060434e-03
-1.77499999999998970e+00 9.14902998236331519e-03
-1.69999999999998974e+00 9.64984835952577974e-03
-1.62499999999998979e+00 8.48204450319453573e-03
-1.54999999999998983e+00 9.98400353025539165e-03
-1.47499999999998987e+00 9.09341416368145486e-03
-1.39999999999998992e+00 8.42650217546951630e-03
-1.32499999999998996e+00 9.64984835952577974e-03
-1.24999999999999001e+00 9.20465193187455268e-03
-1.17499999999999005e+00 8.87101217697944776e-03
-1.09999999999999010e+00 8.53759294960066036e-03
-1.02499999999999014e+00 8.48204450319453573e-03
-9.49999999999990186e-01 7.92689639986788458e-03
-8.74999999999990230e-01 8.64870820250096366e-03
-7.99999999999990274e-01 1.06529778660926205e-02
-7.24999999999990319e-01 7.81594011448701054e-03
-6.49999999999990363e-01 9.81689830134568724e-03
-5.74999999999990408e-01 9.26028001322897094e-03
