-1.00000000000000000e+01 2.91661900949330907e-02
-9.00000000000000000e+00 3.20221606648199431e-02
-8.00000000000000000e+00 4.48960845102767264e-02
-7.00000000000000000e+00 4.75690800979363393e-02
-6.00000000000000000e+00 4.40990213010938395e-02
-5.00000000000000000e+00 4.19711839632491146e-02
-4.00000000000000000e+00 3.93791985174889950e-03
-3.00000000000000000e+00 4.54373343430518719e-04
-2.00000000000000000e+00 3.10294003568381018e-04
-1.00000000000000000e+00 4.46561476629949371e-04
0.00000000000000000e+00 3.13038034121145708e-04
1.00000000000000000e+00 6.71641791044776072e-04
2.00000000000000000e+00 2.30008433642566894e-04
3.00000000000000000e+00 4.78201960628038580e-04
4.00000000000000000e+00 5.38793103448275855e-04
5.00000000000000000e+00 7.58610226065847414e-04
6.00000000000000000e+00 1.27809939102323136e-03
7.00000000000000000e+00 4.48866611805191871e-04
8.00000000000000000e+00 4.76644423260247840e-04
9.00000000000000000e+00 7.58092638920476101e-05
-7.50000000000000000e+00 3.24994154781388794e-02
-7.42499999999999982e+00 3.57593123209169056e-02
-7.34999999999999964e+00 3.93634840871021768e-02
-7.27499999999999947e+00 3.11512415349887127e-02
-7.19999999999999929e+00 4.53139866793529980e-02
-7.12499999999999911e+00 4.06562054208273876e-02
-7.04999999999999893e+00 4.43907262938138675e-02
-6.97499999999999876e+00 4.23422372565029764e-02
-6.89999999999999858e+00 3.44329667888481628e-02
-6.82499999999999840e+00 3.63511659807956092e-02
-6.74999999999999822e+00 3.63280400261039790e-02
-6.67499999999999805e+00 5.01051156271899098e-02
-6.59999999999999787e+00 3.22246518586718836e-02
-6.52499999999999769e+00 4.56864301099648568e-02
-6.44999999999999751e+00 3.74000225301340528e-02
-6.37499999999999734e+00 3.52096627164995429e-02
-6.29999999999999716e+00 3.38005878363101947e-02
-6.22499999999999698e+00 3.59281437125748490e-02
-6.14999999999999680e+00 5.83684150642849037e-02
-6.07499999999999662e+00 3.89783453636868421e-02
-5.99999999999999645e+00 3.91482754796495525e-02
-5.92499999999999627e+00 3.91903024596916560e-02
-5.84999999999999609e+00 3.07572729291583392e-02
-5.77499999999999591e+00 3.66263440860215075e-02
-5.69999999999999574e+00 4.43290252445947552e-02
-5.62499999999999556e+00 4.55779235467088928e-02
-5.54999999999999538e+00 4.72078295912492785e-02
-5.47499999999999520e+00 3.49602724177071542e-02
-5.39999999999999503e+00 3.59091901331586999e-02
-5.32499999999999485e+00 3.91397411069208043e-02
-5.24999999999999467e+00 3.29383628655288627e-02
-5.17499999999999449e+00 4.45132365499572996e-02
-5.09999999999999432e+00 4.21742245879823952e-02
-5.02499999999999414e+00 3.39800945008545269e-02
-4.94999999999999396e+00 3.58953559115798015e-02
-4.87499999999999378e+00 4.18726667339319944e-02
-4.79999999999999361e+00 3.23595947673846751e-02
-4.72499999999999343e+00 3.54707941772618371e-02
-4.64999999999999325e+00 3.80308880308880340e-02
-4.57499999999999307e+00 2.10843373493975889e-02
-4.49999999999999289e+00 2.08261320428620826e-02
-4.42499999999999272e+00 1.06917220152276046e-02
-4.34999999999999254e+00 1.64881151657181105e-02
-4.27499999999999236e+00 3.63636363636363636e-03
-4.19999999999999218e+00 2.85317705120296129e-03
-4.12499999999999201e+00 4.60516382304091820e-03
-4.04999999999999183e+00 9.80022615906520978e-04
-3.97499999999999165e+00 3.77097121748499325e-03
-3.89999999999999147e+00 1.12739571589627954e-03
-3.82499999999999130e+00 7.60225026607875957e-04
-3.74999999999999112e+00 7.79787897691827875e-04
-3.67499999999999094e+00 1.39060568603213849e-03
-3.59999999999999076e+00 6.85192234488009137e-04
-3.52499999999999059e+00 6.73753555921545151e-04
-3.44999999999999041e+00 1.00572489555933778e-03
-3.37499999999999023e+00 8.49420849420849449e-04
-3.29999999999999005e+00 2.24047796863330838e-03
-3.22499999999998987e+00 7.02301989855637896e-04
-3.14999999999998970e+00 3.03283038896049741e-04
-3.07499999999998952e+00 5.23873671606047038e-04
-2.99999999999998934e+00 2.33299634497239299e-04
-2.92499999999998916e+00 6.09013398294762451e-04
-2.84999999999998899e+00 6.96163366336633631e-04
-2.77499999999998881e+00 3.76052948255114333e-04
-2.69999999999998863e+00 6.34316523945448771e-04
-2.62499999999998845e+00 6.22955925868244826e-04
-2.54999999999998828e+00 5.98667963780588207e-04
-2.47499999999998810e+00 3.84260682446972018e-04
-2.39999999999998792e+00 1.55062800434175837e-04
-2.32499999999998774e+00 7.09275750650169398e-04
-2.24999999999998757e+00 3.79017586416009712e-04
-2.17499999999998739e+00 6.79655641141821529e-04
-2.09999999999998721e+00 5.29180526156637437e-04
-2.02499999999998703e+00 2.33826968043647704e-04
-1.94999999999998708e+00 5.39374325782092726e-04
-1.87499999999998712e+00 6.78528347406513895e-04
-1.79999999999998717e+00 5.36727495782855389e-04
-1.72499999999998721e+00 3.80575430050235949e-04
-1.64999999999998725e+00 7.63184003663283195e-04
-1.57499999999998730e+00 3.76449329920192728e-04
