-1.00000000000000000e+01 4.65802413947250804e-02
-9.00000000000000000e+00 4.77042871207374944e-02
-8.00000000000000000e+00 4.46189541317151550e-02
-7.00000000000000000e+00 4.70483005366726312e-02
-6.00000000000000000e+00 4.18298326806692752e-02
-5.00000000000000000e+00 4.77042871207374944e-02
-4.00000000000000000e+00 1.88291680931187955e-03
-3.00000000000000000e+00 3.41821910784481273e-04
-2.00000000000000000e+00 5.12820512820512820e-04
-1.00000000000000000e+00 6.83877585912121715e-04
0.00000000000000000e+00 5.98341738610137634e-04
1.00000000000000000e+00 5.98341738610137634e-04
2.00000000000000000e+00 5.98341738610137634e-04
3.00000000000000000e+00 2.56344527044347602e-04
4.00000000000000000e+00 4.27313904794462030e-04
5.00000000000000000e+00 6.83877585912121715e-04
6.00000000000000000e+00 1.28303823453938923e-03
7.00000000000000000e+00 1.02616726526423801e-03
8.00000000000000000e+00 3.41821910784481273e-04
9.00000000000000000e+00 3.41821910784481273e-04
-7.50000000000000000e+00 4.62996067214873075e-02
-7.42499999999999982e+00 4.30366212242715845e-02
-7.34999999999999964e+00 4.39668242218853103e-02
-7.27499999999999947e+00 5.31713900134952733e-02
-7.19999999999999929e+00 4.63931348887101080e-02
-7.12499999999999911e+00 4.81733524355300868e-02
-7.04999999999999893e+00 4.97713209577616347e-02
-6.97499999999999876e+00 4.58322165639238818e-02
-6.89999999999999858e+00 4.81733524355300868e-02
-6.82499999999999840e+00 4.18298326806692752e-02
-6.74999999999999822e+00 5.01480218892975671e-02
-6.67499999999999805e+00 4.36875891583452178e-02
-6.59999999999999787e+00 4.17371184479843407e-02
-6.52499999999999769e+00 4.80795057749127050e-02
-6.44999999999999751e+00 4.69546552186745347e-02
-6.37499999999999734e+00 4.50852602446210129e-02
-6.29999999999999716e+00 4.25721410758817254e-02
-6.22499999999999698e+00 4.63931348887101080e-02
-6.14999999999999680e+00 4.36875891583452178e-02
-6.07499999999999662e+00 4.93948901837740900e-02
-5.99999999999999645e+00 5.70706158569622563e-02
-5.92499999999999627e+00 4.72356414385399909e-02
-5.84999999999999609e+00 4.58322165639238818e-02
-5.77499999999999591e+00 4.40599357830895461e-02
-5.69999999999999574e+00 5.02422393683832763e-02
-5.62499999999999556e+00 4.80795057749127050e-02
-5.54999999999999538e+00 4.57387886367696950e-02
-5.47499999999999520e+00 4.51785714285714290e-02
-5.39999999999999503e+00 4.26650040081945278e-02
-5.32499999999999485e+00 4.66738197424892698e-02
-5.24999999999999467e+00 4.32225291863470307e-02
-5.17499999999999449e+00 4.85489072017198167e-02
-5.09999999999999432e+00 4.28507795100222730e-02
-5.02499999999999414e+00 4.84549932825794893e-02
-4.94999999999999396e+00 4.53652437935345570e-02
-4.87499999999999378e+00 4.47121820615796542e-02
-4.79999999999999361e+00 3.98862929732610796e-02
-4.72499999999999343e+00 3.49217575811157296e-02
-4.64999999999999325e+00 3.15474092351075083e-02
-4.57499999999999307e+00 2.44158571803623006e-02
-4.49999999999999289e+00 1.81786553013829691e-02
-4.42499999999999272e+00 1.63222781732939755e-02
-4.34999999999999254e+00 8.79007238883143700e-03
-4.27499999999999236e+00 6.70794633642930824e-03
-4.19999999999999218e+00 3.51478782683240475e-03
-4.12499999999999201e+00 2.48351460135308715e-03
-4.04999999999999183e+00 2.31184176727459523e-03
-3.97499999999999165e+00 1.45435879887073323e-03
-3.89999999999999147e+00 1.36869118905047060e-03
-3.82499999999999130e+00 1.62573799948660907e-03
-3.74999999999999112e+00 1.36869118905047060e-03
-3.67499999999999094e+00 3.41821910784481273e-04
-3.59999999999999076e+00 8.54993160054719550e-04
-3.52499999999999059e+00 1.28303823453938923e-03
-3.44999999999999041e+00 8.54993160054719550e-04
-3.37499999999999023e+00 9.40572894399315982e-04
-3.29999999999999005e+00 3.41821910784481273e-04
-3.22499999999998987e+00 2.56344527044347602e-04
-3.14999999999998970e+00 4.27313904794462030e-04
-3.07499999999998952e+00 1.11177627640468655e-03
-2.99999999999998934e+00 8.54993160054719550e-04
-2.92499999999998916e+00 5.98341738610137634e-04
-2.84999999999998899e+00 7.69428058476532488e-04
-2.77499999999998881e+00 1.02616726526423801e-03
-2.69999999999998863e+00 5.12820512820512820e-04
-2.62499999999998845e+00 7.69428058476532488e-04
-2.54999999999998828e+00 0.00000000000000000e+00
-2.47499999999998810e+00 5.12820512820512820e-04
-2.39999999999998792e+00 5.98341738610137634e-04
-2.32499999999998774e+00 5.12820512820512820e-04
-2.24999999999998757e+00 1.02616726526423801e-03
-2.17499999999998739e+00 4.27313904794462030e-04
-2.09999999999998721e+00 2.56344527044347602e-04
-2.02499999999998703e+00 5.12820512820512820e-04
-1.94999999999998708e+00 2.56344527044347602e-04
-1.87499999999998712e+00 5.12820512820512820e-04
-1.79999999999998717e+00 3.41821910784481273e-04
-1.72499999999998721e+00 3.41821910784481273e-04
-1.64999999999998725e+00 5.12820512820512820e-04
-1.57499999999998730e+00 1.02616726526423801e-03
