-1.00000000000000000e+01 1.32353872458995624e-02
-9.00000000000000000e+00 1.31327330521890003e-02
-8.00000000000000000e+00 1.37746632367290560e-02
-7.00000000000000000e+00 1.40059572849990498e-02
-6.00000000000000000e+00 1.27736071197984587e-02
-5.00000000000000000e+00 1.50225338007010521e-03
-4.00000000000000000e+00 3.50122542890011503e-04
-3.00000000000000000e+00 3.37613944706338393e-04
-2.00000000000000000e+00 3.62631453902039467e-04
-1.00000000000000000e+00 5.62816584328684885e-04
0.00000000000000000e+00 2.75075645802595704e-04
1.00000000000000000e+00 3.87650214458102498e-04
2.00000000000000000e+00 3.87650214458102498e-04
3.00000000000000000e+00 4.12670226468418201e-04
4.00000000000000000e+00 4.37691490026886779e-04
5.00000000000000000e+00 3.87650214458102498e-04
6.00000000000000000e+00 2.25050636393188467e-04
7.00000000000000000e+00 4.12670226468418201e-04
8.00000000000000000e+00 4.37691490026886779e-04
9.00000000000000000e+00 3.50122542890011503e-04
-8.50000000000000000e+00 1.35177935717633937e-02
-8.42500000000000071e+00 1.31327330521890003e-02
-8.35000000000000142e+00 1.29787907565685340e-02
-8.27500000000000213e+00 1.33123915439080920e-02
-8.20000000000000284e+00 1.30942430919636296e-02
-8.12500000000000355e+00 1.36462121308110439e-02
-8.05000000000000426e+00 1.35563157227923479e-02
-7.97500000000000409e+00 1.32610540448114701e-02
-7.90000000000000391e+00 1.33508980822334249e-02
-7.82500000000000373e+00 1.36333688105012424e-02
-7.75000000000000355e+00 1.30300996568360541e-02
-7.67500000000000338e+00 1.31455636888629969e-02
-7.60000000000000320e+00 1.33637342453606939e-02
-7.52500000000000302e+00 1.35177935717633937e-02
-7.45000000000000284e+00 1.25300594861409952e-02
-7.37500000000000266e+00 1.37875101378751013e-02
-7.30000000000000249e+00 1.35948408022603159e-02
-7.22500000000000231e+00 1.28505412420079762e-02
-7.15000000000000213e+00 1.34022446859719795e-02
-7.07500000000000195e+00 1.37489704112019259e-02
-7.00000000000000178e+00 1.36333688105012424e-02
-6.92500000000000160e+00 1.33765707336846364e-02
-6.85000000000000142e+00 1.40573702957244809e-02
-6.77500000000000124e+00 1.32738879319079951e-02
-6.70000000000000107e+00 1.34150821499600965e-02
-6.62500000000000089e+00 1.34535964934505564e-02
-6.55000000000000071e+00 1.36462121308110439e-02
-6.47500000000000053e+00 1.35177935717633937e-02
-6.40000000000000036e+00 1.33252267315194812e-02
-6.32500000000000018e+00 1.37232788879455628e-02
-6.25000000000000000e+00 1.38003573646259710e-02
-6.17499999999999982e+00 1.36333688105012424e-02
-6.09999999999999964e+00 1.32097217472801655e-02
-6.02499999999999947e+00 1.32867221441147036e-02
-5.94999999999999929e+00 1.38260527949916993e-02
-5.87499999999999911e+00 1.34921137644897701e-02
-5.79999999999999893e+00 1.35563157227923479e-02
-5.72499999999999876e+00 1.28120727199068207e-02
-5.64999999999999858e+00 1.25685065880238468e-02
-5.57499999999999840e+00 1.12245929821013241e-02
-5.49999999999999822e+00 1.07901852273014423e-02
-5.42499999999999805e+00 8.12803226009703277e-03
-5.34999999999999787e+00 6.28930817610062927e-03
-5.27499999999999769e+00 3.83968680201771757e-03
-5.19999999999999751e+00 3.10963988363928195e-03
-5.12499999999999734e+00 2.20485067147725006e-03
-5.04999999999999716e+00 1.96635897949726333e-03
-4.97499999999999698e+00 1.50225338007010521e-03
-4.89999999999999680e+00 9.63427298775070971e-04
-4.82499999999999662e+00 9.50903358190280726e-04
-4.74999999999999645e+00 7.88120645007943767e-04
-4.67499999999999627e+00 5.25275769779134059e-04
-4.59999999999999609e+00 5.62816584328684885e-04
-4.52499999999999591e+00 5.37789061620621038e-04
-4.44999999999999574e+00 6.00360216129677826e-04
-4.37499999999999556e+00 6.12875386174031585e-04
-4.29999999999999538e+00 5.75330815218750777e-04
-4.22499999999999520e+00 5.12762790930351752e-04
-4.14999999999999503e+00 5.25275769779134059e-04
-4.07499999999999485e+00 4.12670226468418201e-04
-3.99999999999999467e+00 3.75140677754157799e-04
-3.92499999999999449e+00 3.87650214458102498e-04
-3.84999999999999432e+00 4.87737772163929933e-04
-3.77499999999999414e+00 4.12670226468418201e-04
-3.69999999999999396e+00 5.25275769779134059e-04
-3.62499999999999378e+00 3.87650214458102498e-04
-3.54999999999999361e+00 5.00250125062531230e-04
-3.47499999999999343e+00 3.37613944706338393e-04
-3.39999999999999325e+00 3.87650214458102498e-04
-3.32499999999999307e+00 4.25180701798264242e-04
-3.24999999999999289e+00 4.00160064025610271e-04
-3.17499999999999272e+00 4.00160064025610271e-04
-3.09999999999999254e+00 4.12670226468418201e-04
-3.02499999999999236e+00 3.87650214458102498e-04
-2.94999999999999218e+00 3.25105659339285276e-04
-2.87499999999999201e+00 1.75030630360313057e-04
-2.79999999999999183e+00 2.75075645802595704e-04
-2.72499999999999165e+00 3.87650214458102498e-04
-2.64999999999999147e+00 3.87650214458102498e-04
-2.57499999999999130e+00 3.75140677754157799e-04
