-1.00000000000000000e+01 1.32461585245872322e-02
-9.00000000000000000e+00 1.32869415884402271e-02
-8.00000000000000000e+00 1.27660715722472048e-02
-7.00000000000000000e+00 1.39444548863768576e-02
-6.00000000000000000e+00 1.24945258247012667e-02
-5.00000000000000000e+00 2.56643981698629177e-03
-4.00000000000000000e+00 5.96187052583698005e-04
-3.00000000000000000e+00 6.44796579928277381e-04
-2.00000000000000000e+00 5.96187052583698005e-04
-1.00000000000000000e+00 7.15509778633641310e-04
0.00000000000000000e+00 5.78512031725423172e-04
1.00000000000000000e+00 5.74093374079242538e-04
2.00000000000000000e+00 5.87349464098816049e-04
3.00000000000000000e+00 5.74093374079242538e-04
4.00000000000000000e+00 6.40377336825229950e-04
5.00000000000000000e+00 5.78512031725423172e-04
6.00000000000000000e+00 7.33189639942051475e-04
7.00000000000000000e+00 5.87349464098816049e-04
8.00000000000000000e+00 5.69674755459383033e-04
9.00000000000000000e+00 7.86232972313998511e-04
-8.50000000000000000e+00 1.42848829140982073e-02
-8.42500000000000071e+00 1.32416272756950629e-02
-8.35000000000000142e+00 1.25488233243656322e-02
-8.27500000000000213e+00 1.31736634052980837e-02
-8.20000000000000284e+00 1.35045067209411552e-02
-8.12500000000000355e+00 1.25940756895904470e-02
-8.05000000000000426e+00 1.37357720667191634e-02
-7.97500000000000409e+00 1.33231959569757828e-02
-7.90000000000000391e+00 1.26348062767322016e-02
-7.82500000000000373e+00 1.32280337721808819e-02
-7.75000000000000355e+00 1.27887069593631119e-02
-7.67500000000000338e+00 1.37493791974085122e-02
-7.60000000000000320e+00 1.41350664231747053e-02
-7.52500000000000302e+00 1.32914732426364698e-02
-7.45000000000000284e+00 1.24854768075788724e-02
-7.37500000000000266e+00 1.27796526831012672e-02
-7.30000000000000249e+00 1.27434371968907986e-02
-7.22500000000000231e+00 1.29970000044709322e-02
-7.15000000000000213e+00 1.58219193436302079e-02
-7.07500000000000195e+00 1.42031593412742102e-02
-7.00000000000000178e+00 1.52347495676019608e-02
-6.92500000000000160e+00 1.39943700295819592e-02
-6.85000000000000142e+00 1.34047777723111054e-02
-6.77500000000000124e+00 1.46846100450077257e-02
-6.70000000000000107e+00 1.48164073347486856e-02
-6.62500000000000089e+00 1.36496020543747168e-02
-6.55000000000000071e+00 1.35317089318225531e-02
-6.47500000000000053e+00 1.37176297940118479e-02
-6.40000000000000036e+00 1.28203982012105172e-02
-6.32500000000000018e+00 1.31374197356418469e-02
-6.25000000000000000e+00 1.17304540806530116e-02
-6.17499999999999982e+00 1.41259880582585116e-02
-6.09999999999999964e+00 1.28203982012105172e-02
-6.02499999999999947e+00 1.23995192114352611e-02
-5.94999999999999929e+00 1.21869499566666373e-02
-5.87499999999999911e+00 1.27841798009959151e-02
-5.79999999999999893e+00 1.16762443125750688e-02
-5.72499999999999876e+00 1.01156906890171872e-02
-5.64999999999999858e+00 9.22931644261521140e-03
-5.57499999999999840e+00 8.67219288951412599e-03
-5.49999999999999822e+00 6.43642420877290396e-03
-5.42499999999999805e+00 6.01636629236432068e-03
-5.34999999999999787e+00 5.30664039968408666e-03
-5.27499999999999769e+00 4.18829139871204539e-03
-5.19999999999999751e+00 3.68117726795515274e-03
-5.12499999999999734e+00 3.45003210877123075e-03
-5.04999999999999716e+00 2.57087608908240523e-03
-4.97499999999999698e+00 3.81457869063811126e-03
-4.89999999999999680e+00 2.07425753521593963e-03
-4.82499999999999662e+00 1.91473461247628689e-03
-4.74999999999999645e+00 1.56042100423921747e-03
-4.67499999999999627e+00 1.07807184200061864e-03
-4.59999999999999609e+00 1.85271163582498722e-03
-4.52499999999999591e+00 8.56966163088612081e-04
-4.44999999999999574e+00 9.71928925488394304e-04
-4.37499999999999556e+00 1.10018778305534070e-03
-4.29999999999999538e+00 9.98462544400657457e-04
-4.22499999999999520e+00 8.17177513041711422e-04
-4.14999999999999503e+00 7.42029804863828749e-04
-4.07499999999999485e+00 6.93410830458843610e-04
-3.99999999999999467e+00 7.86232972313998511e-04
-3.92499999999999449e+00 6.00605905369240123e-04
-3.84999999999999432e+00 5.47582247736807214e-04
-3.77499999999999414e+00 6.80151930041515739e-04
-3.69999999999999396e+00 6.58054543447057576e-04
-3.62499999999999378e+00 6.13862697904475922e-04
-3.54999999999999361e+00 5.96187052583698005e-04
-3.47499999999999343e+00 7.55290345092600370e-04
-3.39999999999999325e+00 6.66893380972780991e-04
-3.32499999999999307e+00 6.88991157946806368e-04
-3.24999999999999289e+00 5.78512031725423172e-04
-3.17499999999999272e+00 8.08336020424840198e-04
-3.09999999999999254e+00 7.55290345092600370e-04
-3.02499999999999236e+00 7.33189639942051475e-04
-2.94999999999999218e+00 6.66893380972780991e-04
-2.87499999999999201e+00 6.13862697904475922e-04
-2.79999999999999183e+00 7.24349631200035381e-04
-2.72499999999999165e+00 4.81310577793478032e-04
-2.64999999999999147e+00 5.56419133752561273e-04
-2.57499999999999130e+00 5.52000671232816265e-04
