-1.00000000000000000e+01 2.42117527124444780e-02
-9.00000000000000000e+00 2.13484369894347027e-02
-8.00000000000000000e+00 2.14226062960676811e-02
-7.00000000000000000e+00 2.49954454363271981e-02
-6.00000000000000000e+00 2.17565015254976013e-02
-5.00000000000000000e+00 1.44974575354322194e-02
-4.00000000000000000e+00 1.06757766627522152e-03
-3.00000000000000000e+00 3.20034136974610601e-04
-2.00000000000000000e+00 6.04680941879490652e-04
-1.00000000000000000e+00 3.20034136974610601e-04
0.00000000000000000e+00 3.55606130649692410e-04
1.00000000000000000e+00 4.26757708311106376e-04
2.00000000000000000e+00 3.20034136974610601e-04
3.00000000000000000e+00 3.20034136974610601e-04
4.00000000000000000e+00 3.20034136974610601e-04
5.00000000000000000e+00 3.91180654338549089e-04
6.00000000000000000e+00 4.97919408187217738e-04
7.00000000000000000e+00 6.04680941879490652e-04
8.00000000000000000e+00 1.77771457014861680e-04
9.00000000000000000e+00 3.55606130649692410e-04
-9.00000000000000000e+00 2.40998944264443557e-02
-8.90000000000000036e+00 1.80956172415041062e-02
-8.80000000000000071e+00 2.40998944264443557e-02
-8.70000000000000107e+00 1.87592800492521646e-02
-8.60000000000000142e+00 2.16822837219437792e-02
-8.50000000000000178e+00 1.94607523374646652e-02
-8.40000000000000213e+00 2.23877884790114473e-02
-8.30000000000000249e+00 1.89437844103158490e-02
-8.20000000000000284e+00 2.18678484507246890e-02
-8.10000000000000320e+00 2.77290661990355104e-02
-8.00000000000000355e+00 2.30942682572010463e-02
-7.90000000000000391e+00 2.02741912084723648e-02
-7.80000000000000426e+00 1.96455108920221833e-02
-7.70000000000000462e+00 1.94607523374646652e-02
-7.60000000000000497e+00 2.17565015254976013e-02
-7.50000000000000533e+00 2.17936144709600099e-02
-7.40000000000000568e+00 2.10889292196007258e-02
-7.30000000000000604e+00 1.95346477239779631e-02
-7.20000000000000639e+00 2.19420932175682058e-02
-7.10000000000000675e+00 1.86854970124932102e-02
-7.00000000000000711e+00 2.06073359213438320e-02
-6.90000000000000746e+00 2.50327940533449922e-02
-6.80000000000000782e+00 2.07184325108853394e-02
-6.70000000000000817e+00 2.30198559895265116e-02
-6.60000000000000853e+00 2.04592447491565993e-02
-6.50000000000000888e+00 2.22763282215277282e-02
-6.40000000000000924e+00 2.84053520508883543e-02
-6.30000000000000959e+00 2.05332849628151633e-02
-6.20000000000000995e+00 2.27223151312440919e-02
-6.10000000000001030e+00 2.23506323593545587e-02
-6.00000000000001066e+00 1.96085538238492223e-02
-5.90000000000001101e+00 2.10518674458277377e-02
-5.80000000000001137e+00 2.58925640932132321e-02
-5.70000000000001172e+00 2.14226062960676811e-02
-5.60000000000001208e+00 2.20906151218980482e-02
-5.50000000000001243e+00 2.08295532895453051e-02
-5.40000000000001279e+00 2.45474742324361742e-02
-5.30000000000001315e+00 2.24992730444896760e-02
-5.20000000000001350e+00 2.11259936839812701e-02
-5.10000000000001386e+00 1.73960216998191690e-02
-5.00000000000001421e+00 1.64035119413231192e-02
-4.90000000000001457e+00 1.03074270938083613e-02
-4.80000000000001492e+00 7.77387690764490963e-03
-4.70000000000001528e+00 8.02665997778335104e-03
-4.60000000000001563e+00 3.60328219764537985e-03
-4.50000000000001599e+00 3.17381071250267448e-03
-4.40000000000001634e+00 1.99465716829919874e-03
-4.30000000000001670e+00 9.25102294965308709e-04
-4.20000000000001705e+00 9.60717335610589271e-04
-4.10000000000001741e+00 7.11465262708548267e-04
-4.00000000000001776e+00 5.33504054630815246e-04
-3.90000000000001767e+00 5.69091232438200282e-04
-3.80000000000001759e+00 5.69091232438200282e-04
-3.70000000000001750e+00 3.55606130649692410e-04
-3.60000000000001741e+00 5.69091232438200282e-04
-3.50000000000001732e+00 4.26757708311106376e-04
-3.40000000000001723e+00 3.20034136974610601e-04
-3.30000000000001714e+00 4.26757708311106376e-04
-3.20000000000001705e+00 4.26757708311106376e-04
-3.10000000000001696e+00 6.40273183224842647e-04
-3.00000000000001688e+00 3.20034136974610601e-04
-2.90000000000001679e+00 3.55606130649692410e-04
-2.80000000000001670e+00 4.62337292837328390e-04
-2.70000000000001661e+00 2.48897738586260821e-04
-2.60000000000001652e+00 1.77771457014861680e-04
-2.50000000000001643e+00 5.33504054630815246e-04
-2.40000000000001634e+00 2.48897738586260821e-04
-2.30000000000001625e+00 5.33504054630815246e-04
-2.20000000000001616e+00 4.26757708311106376e-04
-2.10000000000001608e+00 2.48897738586260821e-04
-2.00000000000001599e+00 4.62337292837328390e-04
-1.90000000000001590e+00 3.55606130649692410e-04
-1.80000000000001581e+00 2.48897738586260821e-04
-1.70000000000001572e+00 3.20034136974610601e-04
-1.60000000000001563e+00 4.97919408187217738e-04
-1.50000000000001554e+00 7.11465262708548267e-04
-1.40000000000001545e+00 3.20034136974610601e-04
-1.30000000000001537e+00 4.26757708311106376e-04
-1.20000000000001528e+00 4.26757708311106376e-04
-1.10000000000001519e+00 3.91180654338549089e-04
-1.00000000000001510e+00 3.20034136974610601e-04
