-1.00000000000000000e+01 9.59052444420678274e-02
-9.00000000000000000e+00 9.65649161293774538e-02
-8.00000000000000000e+00 9.51439449602564935e-02
-7.00000000000000000e+00 9.64182537984164395e-02
-6.00000000000000000e+00 9.76808334002838702e-02
-5.00000000000000000e+00 4.88088841124843242e-02
-4.00000000000000000e+00 1.91200785688534179e-02
-3.00000000000000000e+00 1.21367014840605483e-02
-2.00000000000000000e+00 1.32125376971374900e-02
-1.00000000000000000e+00 1.24116978708689422e-02
0.00000000000000000e+00 1.37638504155124658e-02
1.00000000000000000e+00 1.20117525060490834e-02
2.00000000000000000e+00 1.06144287193648598e-02
3.00000000000000000e+00 1.14249053065353916e-02
4.00000000000000000e+00 1.00789807661503961e-02
5.00000000000000000e+00 1.46672937914645012e-02
6.00000000000000000e+00 1.13126079447322964e-02
7.00000000000000000e+00 1.04524892455225629e-02
8.00000000000000000e+00 1.39393939393939389e-02
9.00000000000000000e+00 1.39017723522936679e-02
-9.00000000000000000e+00 9.69464218808542555e-02
-8.90000000000000036e+00 9.71225910064239806e-02
-8.80000000000000071e+00 9.66382620095514594e-02
-8.70000000000000107e+00 9.68583585324734458e-02
-8.60000000000000142e+00 9.61250467989517021e-02
-8.50000000000000178e+00 9.64475831260198507e-02
-8.40000000000000213e+00 9.63156135071882302e-02
-8.30000000000000249e+00 9.72253824635605640e-02
-8.20000000000000284e+00 9.66969457785388370e-02
-8.10000000000000320e+00 9.63742627489267284e-02
-8.00000000000000355e+00 9.58319965779061006e-02
-7.90000000000000391e+00 9.63742627489267284e-02
-7.80000000000000426e+00 9.64182537984164395e-02
-7.70000000000000462e+00 9.63742627489267284e-02
-7.60000000000000497e+00 9.73869508179165261e-02
-7.50000000000000533e+00 9.57587585045379802e-02
-7.40000000000000568e+00 9.84751031784316944e-02
-7.30000000000000604e+00 9.60810792742442243e-02
-7.20000000000000639e+00 9.61103905654574903e-02
-7.10000000000000675e+00 9.58466453674121366e-02
-7.00000000000000711e+00 9.64329182660799561e-02
-6.90000000000000746e+00 9.67409627271024475e-02
-6.80000000000000782e+00 9.67116177021458828e-02
-6.70000000000000817e+00 9.66089224801016666e-02
-6.60000000000000853e+00 9.71960115104062161e-02
-6.50000000000000888e+00 9.60517695506264008e-02
-6.40000000000000924e+00 9.55537439694228025e-02
-6.30000000000000959e+00 9.53927149309174438e-02
-6.20000000000000995e+00 9.60371152766264641e-02
-6.10000000000001030e+00 9.71372743211231376e-02
-6.00000000000001066e+00 9.73869508179165261e-02
-5.90000000000001101e+00 9.63742627489267284e-02
-5.80000000000001137e+00 9.62716306935194888e-02
-5.70000000000001172e+00 9.64622483782518608e-02
-5.60000000000001208e+00 9.59491978609625651e-02
-5.50000000000001243e+00 9.41353905290694543e-02
-5.40000000000001279e+00 8.87298130046748762e-02
-5.30000000000001315e+00 8.06923644800675022e-02
-5.20000000000001350e+00 7.06570715843640174e-02
-5.10000000000001386e+00 5.87513560985689909e-02
-5.00000000000001421e+00 4.96549251590929427e-02
-4.90000000000001457e+00 4.08588224837796304e-02
-4.80000000000001492e+00 3.59525855532527930e-02
-4.70000000000001528e+00 3.17412371782770097e-02
-4.60000000000001563e+00 2.86212607910058224e-02
-4.50000000000001599e+00 2.45716214020572157e-02
-4.40000000000001634e+00 2.25906244542574165e-02
-4.30000000000001670e+00 2.14184255775125218e-02
-4.20000000000001705e+00 2.06426872844532421e-02
-4.10000000000001741e+00 1.99315707620528783e-02
-4.00000000000001776e+00 1.89807333747669359e-02
-3.90000000000001767e+00 1.85502708612892003e-02
-3.80000000000001759e+00 1.95510229463341824e-02
-3.70000000000001750e+00 1.69077331480884212e-02
-3.60000000000001741e+00 1.67942150502958208e-02
-3.50000000000001732e+00 1.69455781469030273e-02
-3.40000000000001723e+00 1.55597675945540817e-02
-3.30000000000001714e+00 1.56730102091386658e-02
-3.20000000000001705e+00 1.57736915146708956e-02
-3.10000000000001696e+00 1.32375843571552170e-02
-3.00000000000001688e+00 1.35257099761383719e-02
-2.90000000000001679e+00 1.35883676648779640e-02
-2.80000000000001670e+00 1.34881190811759755e-02
-2.70000000000001661e+00 1.29996910719802281e-02
-2.60000000000001652e+00 1.17244868994285847e-02
-2.50000000000001643e+00 1.26368060874076631e-02
-2.40000000000001634e+00 1.19492895851078269e-02
-2.30000000000001625e+00 1.40271885011689322e-02
-2.20000000000001616e+00 1.42279188884902319e-02
-2.10000000000001608e+00 1.44789436558713965e-02
-2.00000000000001599e+00 1.12876563617971427e-02
-1.90000000000001590e+00 1.14373843306600862e-02
-1.80000000000001581e+00 1.24242012572402458e-02
-1.70000000000001572e+00 1.50819103753142073e-02
-1.60000000000001563e+00 1.28244727510841497e-02
-1.50000000000001554e+00 1.07764201077642004e-02
-1.40000000000001545e+00 1.46296181694411786e-02
-1.30000000000001537e+00 1.21866897147796024e-02
-1.20000000000001528e+00 1.07764201077642004e-02
-1.10000000000001519e+00 1.04400345125107846e-02
-1.00000000000001510e+00 1.39017723522936679e-02
