-1.00000000000000000e+01 5.97999999999999990e-02
-9.00000000000000000e+00 2.20967741935483880e-01
-8.00000000000000000e+00 2.02132486388384741e-01
-7.00000000000000000e+00 4.72332015810276659e-02
-6.00000000000000000e+00 6.79161628375654913e-02
-5.00000000000000000e+00 9.71014492753623226e-02
-4.00000000000000000e+00 1.24188001528467706e-02
-3.00000000000000000e+00 7.55429650613786540e-04
-2.00000000000000000e+00 7.55429650613786540e-04
-1.00000000000000000e+00 7.55429650613786540e-04
0.00000000000000000e+00 5.66465256797583135e-04
1.00000000000000000e+00 1.13357264311354615e-03
2.00000000000000000e+00 1.32275132275132268e-03
3.00000000000000000e+00 5.66465256797583135e-04
4.00000000000000000e+00 7.55429650613786540e-04
5.00000000000000000e+00 9.44465432565168165e-04
6.00000000000000000e+00 7.55429650613786540e-04
7.00000000000000000e+00 1.32275132275132268e-03
8.00000000000000000e+00 0.00000000000000000e+00
9.00000000000000000e+00 1.51200151200151195e-03
-1.35000000000000000e+01 5.38981702466189358e-02
-1.33249999999999993e+01 5.38981702466189358e-02
-1.31499999999999986e+01 4.95147553971083398e-02
-1.29749999999999979e+01 5.89528377298161460e-02
-1.27999999999999972e+01 6.10732879455346406e-02
-1.26249999999999964e+01 6.68411516005637252e-02
-1.24499999999999957e+01 5.15975391942845793e-02
-1.22749999999999950e+01 5.22239872915011907e-02
-1.20999999999999943e+01 5.76846307385229518e-02
-1.19249999999999936e+01 4.70262793914246191e-02
-1.17499999999999929e+01 5.76846307385229518e-02
-1.15749999999999922e+01 5.11803213648085731e-02
-1.13999999999999915e+01 9.16769674495261644e-02
-1.12249999999999908e+01 6.10732879455346406e-02
-1.10499999999999901e+01 5.38981702466189358e-02
-1.08749999999999893e+01 5.57880055788005577e-02
-1.06999999999999886e+01 8.07668774219865437e-02
-1.05249999999999879e+01 4.78544591655131468e-02
-1.03499999999999872e+01 4.90991882795486015e-02
-1.01749999999999865e+01 6.59826996580164943e-02
-9.99999999999998579e+00 1.96432603296455177e-01
-9.82499999999998508e+00 4.64060031595576600e-02
-9.64999999999998437e+00 7.81281790437436396e-02
-9.47499999999998366e+00 6.51256281407035231e-02
-9.29999999999998295e+00 5.47372611464968170e-02
-9.12499999999998224e+00 7.96658516707416525e-02
-8.94999999999998153e+00 7.70325203252032464e-02
-8.77499999999998082e+00 2.13141025641025633e-01
-8.59999999999998010e+00 1.98868778280542974e-01
-8.42499999999997939e+00 7.18042071197411008e-02
-8.24999999999997868e+00 8.12079167516833317e-02
-8.07499999999997797e+00 5.93762495001999221e-02
-7.89999999999997815e+00 5.05551149881046796e-02
-7.72499999999997833e+00 4.68194389569340161e-02
-7.54999999999997851e+00 4.59928938018160302e-02
-7.37499999999997868e+00 8.94325657894736864e-02
-7.19999999999997886e+00 4.53738409942789495e-02
-7.02499999999997904e+00 2.21249135745563486e-01
-6.84999999999997922e+00 4.61994076999012807e-02
-6.67499999999997939e+00 8.54158131913150404e-02
-6.49999999999997957e+00 5.20150883462378380e-02
-6.32499999999997975e+00 4.76472914195334094e-02
-6.14999999999997993e+00 4.43437130469057916e-02
-5.97499999999998010e+00 5.95880823835232970e-02
-5.79999999999998028e+00 6.49115755627009683e-02
-5.62499999999998046e+00 5.13888888888888867e-02
-5.44999999999998064e+00 6.32022471910112377e-02
-5.27499999999998082e+00 5.20150883462378380e-02
-5.09999999999998099e+00 4.80617088607594931e-02
-4.92499999999998117e+00 5.30604133545310025e-02
-4.74999999999998135e+00 9.82383419689119158e-02
-4.57499999999998153e+00 4.82690405539070236e-02
-4.39999999999998170e+00 2.02405264352167019e-01
-4.22499999999998188e+00 5.93762495001999221e-02
-4.04999999999998206e+00 1.70825335892514397e-02
-3.87499999999998224e+00 1.06809078771695591e-02
-3.69999999999998241e+00 5.31208499335989338e-03
-3.52499999999998259e+00 1.22254059216809936e-02
-3.34999999999998277e+00 3.21847784929950786e-03
-3.17499999999998295e+00 1.89071658158442056e-03
-2.99999999999998312e+00 1.86466743560169158e-02
-2.82499999999998330e+00 1.86466743560169158e-02
-2.64999999999998348e+00 2.08018154311649011e-03
-2.47499999999998366e+00 7.55429650613786540e-04
-2.29999999999998384e+00 7.55429650613786540e-04
-2.12499999999998401e+00 1.13357264311354615e-03
-1.94999999999998397e+00 3.77572210685293548e-04
-1.77499999999998392e+00 1.51200151200151195e-03
-1.59999999999998388e+00 9.44465432565168165e-04
-1.42499999999998384e+00 1.13357264311354615e-03
-1.24999999999998379e+00 1.88750471876179685e-04
-1.07499999999998375e+00 9.44465432565168165e-04
-8.99999999999983702e-01 1.70132325141776944e-03
-7.24999999999983658e-01 7.55429650613786540e-04
-5.49999999999983613e-01 7.55429650613786540e-04
-3.74999999999983624e-01 5.66465256797583135e-04
-1.99999999999983635e-01 9.44465432565168165e-04
-2.49999999999836464e-02 7.55429650613786540e-04
1.50000000000016342e-01 9.44465432565168165e-04
3.25000000000016331e-01 3.77572210685293548e-04
