-1.00000000000000000e+01 3.59070031054067110e-02
-9.00000000000000000e+00 3.62496013606888462e-02
-8.00000000000000000e+00 3.37099833865513523e-02
-7.00000000000000000e+00 3.54363002260133717e-02
-6.00000000000000000e+00 3.33568904593639567e-02
-5.00000000000000000e+00 1.60046323103647942e-02
-4.00000000000000000e+00 5.43216667812693350e-03
-3.00000000000000000e+00 2.73737748949909971e-03
-2.00000000000000000e+00 2.69153623287788669e-03
-1.00000000000000000e+00 2.52539680725851617e-03
0.00000000000000000e+00 2.69153623287788669e-03
1.00000000000000000e+00 2.13604432006396722e-03
2.00000000000000000e+00 2.82334114419614812e-03
3.00000000000000000e+00 2.29632930047640261e-03
4.00000000000000000e+00 2.37649101960605083e-03
5.00000000000000000e+00 2.17038678577140135e-03
6.00000000000000000e+00 2.71445633725548446e-03
7.00000000000000000e+00 2.41084996743638671e-03
8.00000000000000000e+00 2.53685293109358941e-03
9.00000000000000000e+00 2.42230347349177335e-03
-9.00000000000000000e+00 3.53996400436668371e-02
-8.90000000000000036e+00 3.49721296487450969e-02
-8.80000000000000071e+00 3.77634123693657980e-02
-8.70000000000000107e+00 3.24812879536788557e-02
-8.60000000000000142e+00 3.59742813114405646e-02
-8.50000000000000178e+00 3.71316097457176295e-02
-8.40000000000000213e+00 3.50087595632605636e-02
-8.30000000000000249e+00 3.44107954511958594e-02
-8.20000000000000284e+00 4.28270869735762963e-02
-8.10000000000000320e+00 3.47157928256780074e-02
-8.00000000000000355e+00 3.37526143694582698e-02
-7.90000000000000391e+00 3.44473856421079958e-02
-7.80000000000000426e+00 3.74750186251670350e-02
-7.70000000000000462e+00 3.41547365753319676e-02
-7.60000000000000497e+00 3.77143127502410011e-02
-7.50000000000000533e+00 3.49110855525081865e-02
-7.40000000000000568e+00 3.44229918938835644e-02
-7.30000000000000604e+00 3.38196130187834385e-02
-7.20000000000000639e+00 3.32716972687764276e-02
-7.10000000000000675e+00 3.54790737199915038e-02
-7.00000000000000711e+00 3.49049815389333856e-02
-6.90000000000000746e+00 3.62557212461243200e-02
-6.80000000000000782e+00 3.66414198107076622e-02
-6.70000000000000817e+00 3.74504818778454429e-02
-6.60000000000000853e+00 3.51553051532403141e-02
-6.50000000000000888e+00 3.40328483284125655e-02
-6.40000000000000924e+00 3.76099914845302308e-02
-6.30000000000000959e+00 3.44107954511958594e-02
-6.20000000000000995e+00 3.31074357781689921e-02
-6.10000000000001030e+00 3.45388724455502755e-02
-6.00000000000001066e+00 3.32412745334738774e-02
-5.90000000000001101e+00 3.30040386675929318e-02
-5.80000000000001137e+00 3.73584794111561092e-02
-5.70000000000001172e+00 3.23476459997881910e-02
-5.60000000000001208e+00 3.16617571834265227e-02
-5.50000000000001243e+00 2.91747316558155917e-02
-5.40000000000001279e+00 2.66395960470654329e-02
-5.30000000000001315e+00 2.38480076089556958e-02
-5.20000000000001350e+00 2.47209909420607263e-02
-5.10000000000001386e+00 1.99675636084613653e-02
-5.00000000000001421e+00 2.16304025059825683e-02
-4.90000000000001457e+00 1.41079509660565362e-02
-4.80000000000001492e+00 1.12907409008385917e-02
-4.70000000000001528e+00 1.09877446602557084e-02
-4.60000000000001563e+00 1.22300166143621929e-02
-4.50000000000001599e+00 8.80803992364832290e-03
-4.40000000000001634e+00 6.99589658239834714e-03
-4.30000000000001670e+00 5.55316771254190690e-03
-4.20000000000001705e+00 6.63193886683342143e-03
-4.10000000000001741e+00 3.81585496318586704e-03
-4.00000000000001776e+00 5.85291470566316752e-03
-3.90000000000001767e+00 5.74913591003146842e-03
-3.80000000000001759e+00 3.17881400507695477e-03
-3.70000000000001750e+00 4.08583690987124500e-03
-3.60000000000001741e+00 3.68953031421069772e-03
-3.50000000000001732e+00 6.47603751398170228e-03
-3.40000000000001723e+00 2.89212268087198077e-03
-3.30000000000001714e+00 3.32222114213502747e-03
-3.20000000000001705e+00 2.81760977533419832e-03
-3.10000000000001696e+00 2.48530243559638708e-03
-3.00000000000001688e+00 2.35931242894927770e-03
-2.90000000000001679e+00 2.25052836008453761e-03
-2.80000000000001670e+00 2.45093838375182128e-03
-2.70000000000001661e+00 7.05369185295721263e-03
-2.60000000000001652e+00 2.55976596425469679e-03
-2.50000000000001643e+00 2.66861717629445069e-03
-2.40000000000001634e+00 2.53112483644819765e-03
-2.30000000000001625e+00 2.06736644926956877e-03
-2.20000000000001616e+00 2.54258109119581297e-03
-2.10000000000001608e+00 2.08453503446621611e-03
-2.00000000000001599e+00 2.35931242894927770e-03
-1.90000000000001590e+00 2.51966884352342263e-03
-1.80000000000001581e+00 2.49103000662751102e-03
-1.70000000000001572e+00 2.50248534503445200e-03
-1.60000000000001563e+00 2.45093838375182128e-03
-1.50000000000001554e+00 2.79468495499357030e-03
-1.40000000000001545e+00 2.58840872859420271e-03
-1.30000000000001537e+00 2.82334114419614812e-03
-1.20000000000001528e+00 3.73546287132960758e-03
-1.10000000000001519e+00 2.65715804090309099e-03
-1.00000000000001510e+00 2.25625324871907632e-03
