-1.00000000000000000e+01 2.71823652714855632e-02
-9.00000000000000000e+00 3.05285118219749650e-02
-8.00000000000000000e+00 3.27904451682953305e-02
-7.00000000000000000e+00 3.72524581082952500e-02
-6.00000000000000000e+00 2.92603630452451906e-02
-5.00000000000000000e+00 2.94276823163306736e-02
-4.00000000000000000e+00 2.37487383482752482e-03
-3.00000000000000000e+00 6.55151876116736101e-04
-2.00000000000000000e+00 4.16245465897603628e-04
-1.00000000000000000e+00 2.96348980559506898e-04
0.00000000000000000e+00 6.54489200928184641e-04
1.00000000000000000e+00 4.74439568259992883e-04
2.00000000000000000e+00 4.76275525391438922e-04
3.00000000000000000e+00 3.54693781035705837e-04
4.00000000000000000e+00 4.13784950050245337e-04
5.00000000000000000e+00 3.54484225451967387e-04
6.00000000000000000e+00 2.97831784608053362e-04
7.00000000000000000e+00 4.75228703813710340e-04
8.00000000000000000e+00 3.55850779906292654e-04
9.00000000000000000e+00 2.98864315600717249e-04
-7.50000000000000000e+00 4.09657211233898783e-02
-7.42499999999999982e+00 3.04116957451210264e-02
-7.34999999999999964e+00 4.31957979127790478e-02
-7.27499999999999947e+00 2.67175572519083963e-02
-7.19999999999999929e+00 4.14339882799034803e-02
-7.12499999999999911e+00 2.91537497526548374e-02
-7.04999999999999893e+00 3.01813558187780245e-02
-6.97499999999999876e+00 3.24627613385879352e-02
-6.89999999999999858e+00 2.84282084735288064e-02
-6.82499999999999840e+00 3.21206619649465827e-02
-6.74999999999999822e+00 3.69368150453253941e-02
-6.67499999999999805e+00 3.47447675623402605e-02
-6.59999999999999787e+00 3.89319200978393773e-02
-6.52499999999999769e+00 3.78316188413643714e-02
-6.44999999999999751e+00 3.33879120096817819e-02
-6.37499999999999734e+00 3.35999999999999979e-02
-6.29999999999999716e+00 3.26221610461114933e-02
-6.22499999999999698e+00 2.91354018792672198e-02
-6.14999999999999680e+00 3.64445680901377134e-02
-6.07499999999999662e+00 3.49505156066163766e-02
-5.99999999999999645e+00 3.15861130020422057e-02
-5.92499999999999627e+00 3.52874217416050059e-02
-5.84999999999999609e+00 3.06149379783584065e-02
-5.77499999999999591e+00 3.07568868681465622e-02
-5.69999999999999574e+00 3.49936503457033976e-02
-5.62499999999999556e+00 4.11982353778283794e-02
-5.54999999999999538e+00 3.21398949405584736e-02
-5.47499999999999520e+00 2.75803841553507352e-02
-5.39999999999999503e+00 3.36505778382053047e-02
-5.32499999999999485e+00 3.90323236430168766e-02
-5.24999999999999467e+00 3.43937491279475357e-02
-5.17499999999999449e+00 3.11747298878260262e-02
-5.09999999999999432e+00 3.79551256213892241e-02
-5.02499999999999414e+00 3.90778175917787865e-02
-4.94999999999999396e+00 3.24919264482963141e-02
-4.87499999999999378e+00 2.76933245208195629e-02
-4.79999999999999361e+00 2.61251939989653389e-02
-4.72499999999999343e+00 3.40650035823617525e-02
-4.64999999999999325e+00 1.55530670648251837e-02
-4.57499999999999307e+00 1.27870729690183847e-02
-4.49999999999999289e+00 1.16898849182313757e-02
-4.42499999999999272e+00 5.00610500610500653e-03
-4.34999999999999254e+00 4.79398021724619216e-03
-4.27499999999999236e+00 3.66188587122368014e-03
-4.19999999999999218e+00 1.96253345227475479e-03
-4.12499999999999201e+00 1.60189854642539303e-03
-4.04999999999999183e+00 1.60609124977693181e-03
-3.97499999999999165e+00 1.48227202656231482e-03
-3.89999999999999147e+00 1.18147448015122874e-03
-3.82499999999999130e+00 1.88991259154264114e-03
-3.74999999999999112e+00 9.41397975994351594e-04
-3.67499999999999094e+00 4.24911982517907024e-04
-3.59999999999999076e+00 7.70690064026559210e-04
-3.52499999999999059e+00 6.49465666883155255e-04
-3.44999999999999041e+00 8.29580469305522621e-04
-3.37499999999999023e+00 8.35970621603869296e-04
-3.29999999999999005e+00 4.20092420332473149e-04
-3.22499999999998987e+00 4.14888572783309636e-04
-3.14999999999998970e+00 4.75002968768554828e-04
-3.07499999999998952e+00 3.53752726843936096e-04
-2.99999999999998934e+00 4.73176790678417228e-04
-2.92499999999998916e+00 6.55425132574629071e-04
-2.84999999999998899e+00 3.56887937187723057e-04
-2.77499999999998881e+00 3.54274917335852641e-04
-2.69999999999998863e+00 5.95060993751859568e-04
-2.62499999999998845e+00 8.28500414250207080e-04
-2.54999999999998828e+00 2.40949340401180645e-04
-2.47499999999998810e+00 3.56824264049955401e-04
-2.39999999999998792e+00 1.18722545411373623e-04
-2.32499999999998774e+00 4.75765685399940534e-04
-2.24999999999998757e+00 4.17237885199976135e-04
-2.17499999999998739e+00 2.95543208417070602e-04
-2.09999999999998721e+00 9.49667616334283048e-04
-2.02499999999998703e+00 1.81961545460059432e-04
-1.94999999999998708e+00 4.15036167437448104e-04
-1.87499999999998712e+00 3.60079217427834112e-04
-1.79999999999998717e+00 1.19012198750371919e-04
-1.72499999999998721e+00 6.58485483388207169e-04
-1.64999999999998725e+00 4.14790234652761311e-04
-1.57499999999998730e+00 6.50733554188357767e-04
