-1.00000000000000000e+01 4.41478774431428855e-02
-9.00000000000000000e+00 4.43523383701576318e-02
-8.00000000000000000e+00 4.42500978984466803e-02
-7.00000000000000000e+00 4.38072870796229266e-02
-6.00000000000000000e+00 4.50344534796381576e-02
-5.00000000000000000e+00 2.35414534288638684e-02
-4.00000000000000000e+00 1.34555809368839380e-03
-3.00000000000000000e+00 9.69689386593262210e-04
-2.00000000000000000e+00 9.69689386593262210e-04
-1.00000000000000000e+00 1.00100100100100099e-03
0.00000000000000000e+00 6.87972981424729482e-04
1.00000000000000000e+00 1.03231457440485495e-03
2.00000000000000000e+00 9.69689386593262210e-04
3.00000000000000000e+00 1.03231457440485495e-03
4.00000000000000000e+00 9.69689386593262210e-04
5.00000000000000000e+00 1.06363010698867539e-03
6.00000000000000000e+00 8.13160693063113790e-04
7.00000000000000000e+00 1.03231457440485495e-03
8.00000000000000000e+00 8.13160693063113790e-04
9.00000000000000000e+00 7.50562922191643769e-04
-9.00000000000000000e+00 4.42841758313481035e-02
-8.90000000000000036e+00 4.54441504132771373e-02
-8.80000000000000071e+00 4.46591799425437447e-02
-8.70000000000000107e+00 4.54099967330937604e-02
-8.60000000000000142e+00 4.40797415902639544e-02
-8.50000000000000178e+00 4.45909773454331790e-02
-8.40000000000000213e+00 4.52734043248187099e-02
-8.30000000000000249e+00 4.52051215050953761e-02
-8.20000000000000284e+00 4.43523383701576318e-02
-8.10000000000000320e+00 4.48638411806961401e-02
-8.00000000000000355e+00 4.62645087461173790e-02
-7.90000000000000391e+00 4.42160221895904690e-02
-7.80000000000000426e+00 4.46591799425437447e-02
-7.70000000000000462e+00 4.51709834405722294e-02
-7.60000000000000497e+00 4.54783063251437553e-02
-7.50000000000000533e+00 4.50344534796381576e-02
-7.40000000000000568e+00 4.57174602137185027e-02
-7.30000000000000604e+00 4.46250775307674707e-02
-7.20000000000000639e+00 4.43523383701576318e-02
-7.10000000000000675e+00 4.50685826257348141e-02
-7.00000000000000711e+00 4.40797415902639544e-02
-6.90000000000000746e+00 4.44886901459020170e-02
-6.80000000000000782e+00 4.53075490804560124e-02
-6.70000000000000817e+00 4.43523383701576318e-02
-6.60000000000000853e+00 4.56149522938178037e-02
-6.50000000000000888e+00 4.53416960669018668e-02
-6.40000000000000924e+00 4.36711131404716110e-02
-6.30000000000000959e+00 4.27868478508814792e-02
-6.20000000000000995e+00 4.45227836532184340e-02
-6.10000000000001030e+00 4.43523383701576318e-02
-6.00000000000001066e+00 4.54099967330937604e-02
-5.90000000000001101e+00 4.39434965582487860e-02
-5.80000000000001137e+00 4.39094408560057395e-02
-5.70000000000001172e+00 4.55124644689123420e-02
-5.60000000000001208e+00 4.42160221895904690e-02
-5.50000000000001243e+00 4.54783063251437553e-02
-5.40000000000001279e+00 4.52051215050953761e-02
-5.30000000000001315e+00 4.34669188378387222e-02
-5.20000000000001350e+00 4.17005761906312084e-02
-5.10000000000001386e+00 3.47615198059822161e-02
-5.00000000000001421e+00 2.31160277520222543e-02
-4.90000000000001457e+00 1.21777637197532825e-02
-4.80000000000001492e+00 7.81053162005542964e-03
-4.70000000000001528e+00 4.74112217024082357e-03
-4.60000000000001563e+00 3.04046641381688259e-03
-4.50000000000001599e+00 3.10335099213190826e-03
-4.40000000000001634e+00 2.28646600056378602e-03
-4.30000000000001670e+00 2.09814298687877737e-03
-4.20000000000001705e+00 1.56494522691705794e-03
-4.10000000000001741e+00 1.50225338007010521e-03
-4.00000000000001776e+00 1.59629409371185322e-03
-3.90000000000001767e+00 1.34555809368839380e-03
-3.80000000000001759e+00 1.47091039964948513e-03
-3.70000000000001750e+00 1.28289370756281477e-03
-3.60000000000001741e+00 8.75766295508570024e-04
-3.50000000000001732e+00 1.22023716404367827e-03
-3.40000000000001723e+00 1.18891183280145168e-03
-3.30000000000001714e+00 8.44462515247239873e-04
-3.20000000000001705e+00 9.38379730997810496e-04
-3.10000000000001696e+00 1.06363010698867539e-03
-3.00000000000001688e+00 1.09494759893633670e-03
-2.90000000000001679e+00 1.06363010698867539e-03
-2.80000000000001670e+00 1.56494522691705794e-03
-2.70000000000001661e+00 1.03231457440485495e-03
-2.60000000000001652e+00 1.06363010698867539e-03
-2.50000000000001643e+00 6.56680946871384340e-04
-2.40000000000001634e+00 8.44462515247239873e-04
-2.30000000000001625e+00 9.07072034030840407e-04
-2.20000000000001616e+00 8.44462515247239873e-04
-2.10000000000001608e+00 6.87972981424729482e-04
-2.00000000000001599e+00 1.25156445556946186e-03
-1.90000000000001590e+00 7.50562922191643769e-04
-1.80000000000001581e+00 1.25156445556946186e-03
-1.70000000000001572e+00 1.03231457440485495e-03
-1.60000000000001563e+00 1.09494759893633670e-03
-1.50000000000001554e+00 9.38379730997810496e-04
-1.40000000000001545e+00 1.47091039964948513e-03
-1.30000000000001537e+00 7.50562922191643769e-04
-1.20000000000001528e+00 5.94102748506926035e-04
-1.10000000000001519e+00 8.75766295508570024e-04
-1.00000000000001510e+00 8.13160693063113790e-04
