-1.00000000000000000e+01 1.78306092124814256e-02
-9.00000000000000000e+00 1.82670592607415451e-02
-8.00000000000000000e+00 1.74817184643510058e-02
-7.00000000000000000e+00 1.72492574822938095e-02
-6.00000000000000000e+00 1.74090629953870986e-02
-5.00000000000000000e+00 3.23898042529221228e-03
-4.00000000000000000e+00 5.19641026361248844e-04
-3.00000000000000000e+00 7.02345835089197932e-04
-2.00000000000000000e+00 3.93192158624950847e-04
-1.00000000000000000e+00 4.91538515553682992e-04
0.00000000000000000e+00 6.60177264618712540e-04
1.00000000000000000e+00 6.46121864202039509e-04
2.00000000000000000e+00 4.07240454424176034e-04
3.00000000000000000e+00 4.07240454424176034e-04
4.00000000000000000e+00 5.47745115939382858e-04
5.00000000000000000e+00 4.77487852147290954e-04
6.00000000000000000e+00 6.74233059894370165e-04
7.00000000000000000e+00 7.58576124518866093e-04
8.00000000000000000e+00 7.30460189919649393e-04
9.00000000000000000e+00 5.19641026361248844e-04
-8.50000000000000000e+00 1.82233974129922087e-02
-8.42500000000000071e+00 1.79760509845388813e-02
-8.35000000000000142e+00 1.81942915946088878e-02
-8.27500000000000213e+00 1.81506359868515085e-02
-8.20000000000000284e+00 1.76415970287836579e-02
-8.12500000000000355e+00 1.75107835575742006e-02
-8.05000000000000426e+00 1.79905974478787103e-02
-7.97500000000000409e+00 1.84854246786852888e-02
-7.90000000000000391e+00 1.80778849589138986e-02
-7.82500000000000373e+00 1.76852089940287421e-02
-7.75000000000000355e+00 1.72347321976782375e-02
-7.67500000000000338e+00 1.73364179019221444e-02
-7.60000000000000320e+00 1.81360849494790685e-02
-7.52500000000000302e+00 1.77142857142857137e-02
-7.45000000000000284e+00 1.83107248531282595e-02
-7.37500000000000266e+00 1.77579039101675787e-02
-7.30000000000000249e+00 1.75689187258963007e-02
-7.22500000000000231e+00 1.81360849494790685e-02
-7.15000000000000213e+00 1.80051443269505576e-02
-7.07500000000000195e+00 1.72928358251581496e-02
-7.00000000000000178e+00 1.78015258450724342e-02
-6.92500000000000160e+00 1.71621119963448407e-02
-6.85000000000000142e+00 1.79905974478787103e-02
-6.77500000000000124e+00 1.80487874587364414e-02
-6.70000000000000107e+00 1.75543843110368379e-02
-6.62500000000000089e+00 1.83835091631643667e-02
-6.55000000000000071e+00 1.81360849494790685e-02
-6.47500000000000053e+00 1.82088442958008162e-02
-6.40000000000000036e+00 1.81651874401520669e-02
-6.32500000000000018e+00 1.78887809338743771e-02
-6.25000000000000000e+00 1.87912936532906201e-02
-6.17499999999999982e+00 1.83398373286447376e-02
-6.09999999999999964e+00 1.77433640961170321e-02
-6.02499999999999947e+00 1.68862497680460182e-02
-5.94999999999999929e+00 1.73073627691780439e-02
-5.87499999999999911e+00 1.78596942420345753e-02
-5.79999999999999893e+00 1.74671865404116139e-02
-5.72499999999999876e+00 1.83107248531282595e-02
-5.64999999999999858e+00 1.80633360009146010e-02
-5.57499999999999840e+00 1.74381239377883156e-02
-5.49999999999999822e+00 1.63639735779607109e-02
-5.42499999999999805e+00 1.54512800045612641e-02
-5.34999999999999787e+00 1.28525932666060053e-02
-5.27499999999999769e+00 1.01239259280265434e-02
-5.19999999999999751e+00 7.85173657777463348e-03
-5.12499999999999734e+00 5.33431176088735876e-03
-5.04999999999999716e+00 4.95140289748762126e-03
-4.97499999999999698e+00 3.38028169014084525e-03
-4.89999999999999680e+00 2.33559388806033139e-03
-4.82499999999999662e+00 1.60278941596603210e-03
-4.74999999999999645e+00 1.51830399820052867e-03
-4.67499999999999627e+00 1.22271724312397224e-03
-4.59999999999999609e+00 1.02575631964253104e-03
-4.52499999999999591e+00 9.55431911425841667e-04
-4.44999999999999574e+00 9.97625370596748632e-04
-4.37499999999999556e+00 9.13242009132420062e-04
-4.29999999999999538e+00 7.16402815041649720e-04
-4.22499999999999520e+00 8.00752988775409809e-04
-4.14999999999999503e+00 6.60177264618712540e-04
-4.07499999999999485e+00 6.03958031939548045e-04
-3.99999999999999467e+00 4.77487852147290954e-04
-3.92499999999999449e+00 7.44517959739840105e-04
-3.84999999999999432e+00 6.74233059894370165e-04
-3.77499999999999414e+00 4.21289144783036076e-04
-3.69999999999999396e+00 6.74233059894370165e-04
-3.62499999999999378e+00 6.03958031939548045e-04
-3.54999999999999361e+00 7.86693639020004539e-04
-3.47499999999999343e+00 4.91538515553682992e-04
-3.39999999999999325e+00 7.30460189919649393e-04
-3.32499999999999307e+00 6.18012247879094344e-04
-3.24999999999999289e+00 4.49387709246152137e-04
-3.17499999999999272e+00 6.46121864202039509e-04
-3.09999999999999254e+00 5.47745115939382858e-04
-3.02499999999999236e+00 6.74233059894370165e-04
-2.94999999999999218e+00 4.35338229718153582e-04
-2.87499999999999201e+00 5.47745115939382858e-04
-2.79999999999999183e+00 5.89904210792438011e-04
-2.72499999999999165e+00 8.71055663266739736e-04
-2.64999999999999147e+00 4.49387709246152137e-04
-2.57499999999999130e+00 6.18012247879094344e-04
