-1.00000000000000000e+01 1.76814988290398128e-01
-9.00000000000000000e+00 5.94560404807084122e-02
-8.00000000000000000e+00 8.43763487268019002e-02
-7.00000000000000000e+00 4.88415779586725135e-02
-6.00000000000000000e+00 6.59736953754773009e-02
-5.00000000000000000e+00 5.94560404807084122e-02
-4.00000000000000000e+00 1.08630054315027157e-02
-3.00000000000000000e+00 1.04564649105167908e-02
-2.00000000000000000e+00 5.97371565113500561e-04
-1.00000000000000000e+00 3.98168425243878156e-04
0.00000000000000000e+00 3.98168425243878156e-04
1.00000000000000000e+00 9.96015936254980062e-04
2.00000000000000000e+00 5.97371565113500561e-04
3.00000000000000000e+00 7.96654052977494509e-04
4.00000000000000000e+00 5.97371565113500561e-04
5.00000000000000000e+00 2.59377494014365528e-03
6.00000000000000000e+00 1.39497807891590274e-03
7.00000000000000000e+00 1.99044585987261157e-04
8.00000000000000000e+00 0.00000000000000000e+00
9.00000000000000000e+00 0.00000000000000000e+00
-1.45000000000000000e+01 9.14422241529105062e-02
-1.42750000000000004e+01 5.96794601433994071e-02
-1.40500000000000007e+01 4.55680399500624222e-02
-1.38250000000000011e+01 8.15755488592337513e-02
-1.36000000000000014e+01 5.61160151324085754e-02
-1.33750000000000018e+01 5.27969830295411668e-02
-1.31500000000000021e+01 4.66569464694855246e-02
-1.29250000000000025e+01 4.64389837567680125e-02
-1.27000000000000028e+01 4.66569464694855246e-02
-1.24750000000000032e+01 4.20987142264620459e-02
-1.22500000000000036e+01 7.12001705393306289e-02
-1.20250000000000039e+01 6.01265822784810139e-02
-1.18000000000000043e+01 5.85633031388245184e-02
-1.15750000000000046e+01 5.74494949494949517e-02
-1.13500000000000050e+01 8.43763487268019002e-02
-1.11250000000000053e+01 5.74494949494949517e-02
-1.09000000000000057e+01 8.86048526863084940e-02
-1.06750000000000060e+01 5.85633031388245184e-02
-1.04500000000000064e+01 9.23913043478260809e-02
-1.02250000000000068e+01 5.78947368421052627e-02
-1.00000000000000071e+01 6.71055425780420489e-02
-9.77500000000000746e+00 5.08155583437892092e-02
-9.55000000000000782e+00 4.84039223868141036e-02
-9.32500000000000817e+00 7.46364414029084683e-02
-9.10000000000000853e+00 5.32383148186962932e-02
-8.87500000000000888e+00 4.57856399583766935e-02
-8.65000000000000924e+00 5.67823343848580450e-02
-8.42500000000000959e+00 5.43432647922786408e-02
-8.20000000000000995e+00 6.48442466624284813e-02
-7.97500000000001030e+00 2.08513708513708512e-01
-7.75000000000001066e+00 7.83261802575107302e-02
-7.52500000000001101e+00 4.90605427974947841e-02
-7.30000000000001137e+00 5.32383148186962932e-02
-7.07500000000001172e+00 2.60030090270812420e-01
-6.85000000000001208e+00 8.06451612903225784e-02
-6.62500000000001243e+00 5.10353482535034486e-02
-6.40000000000001279e+00 5.70046276819520387e-02
-6.17500000000001315e+00 4.38304943913585404e-02
-5.95000000000001350e+00 1.26934290199596317e-01
-5.72500000000001386e+00 6.80127523910733223e-02
-5.50000000000001421e+00 4.88415779586725135e-02
-5.27500000000001457e+00 5.03762541806020078e-02
-5.05000000000001492e+00 5.47858942065491197e-02
-4.82500000000001528e+00 8.36747897347422942e-02
-4.60000000000001563e+00 2.35554462748955001e-01
-4.37500000000001599e+00 3.67237466474107724e-02
-4.15000000000001634e+00 5.90094836670179146e-02
-3.92500000000001625e+00 4.14507772020725404e-02
-3.70000000000001616e+00 1.02533172496984317e-02
-3.47500000000001608e+00 3.79544546544147024e-03
-3.25000000000001599e+00 1.16770686531105297e-02
-3.02500000000001590e+00 9.96015936254980062e-04
-2.80000000000001581e+00 7.96654052977494509e-04
-2.57500000000001572e+00 7.96654052977494509e-04
-2.35000000000001563e+00 8.42865743527995183e-03
-2.12500000000001554e+00 1.79425837320574167e-03
-1.90000000000001545e+00 1.59457843332668934e-03
-1.67500000000001537e+00 1.39497807891590274e-03
-1.45000000000001528e+00 5.97371565113500561e-04
-1.22500000000001519e+00 3.98168425243878156e-04
-1.00000000000001510e+00 9.96015936254980062e-04
-7.75000000000015121e-01 7.96654052977494509e-04
-5.50000000000015143e-01 9.96015936254980062e-04
-3.25000000000015166e-01 5.97371565113500561e-04
-1.00000000000015160e-01 5.97371565113500561e-04
1.24999999999984845e-01 1.19545726240286899e-03
3.49999999999984879e-01 9.96015936254980062e-04
5.74999999999984857e-01 7.96654052977494509e-04
7.99999999999984834e-01 9.96015936254980062e-04
1.02499999999998481e+00 1.99044585987261157e-04
1.24999999999998490e+00 3.98168425243878156e-04
1.47499999999998499e+00 1.99044585987261157e-04
1.69999999999998508e+00 9.96015936254980062e-04
1.92499999999998517e+00 7.96654052977494509e-04
2.14999999999998526e+00 3.98168425243878156e-04
2.37499999999998535e+00 1.99044585987261157e-04
2.59999999999998543e+00 5.97371565113500561e-04
2.82499999999998552e+00 3.98168425243878156e-04
3.04999999999998561e+00 3.98168425243878156e-04
3.27499999999998570e+00 5.97371565113500561e-04
3.49999999999998579e+00 1.39497807891590274e-03
