-1.00000000000000000e+01 1.87025251488400733e-02
-9.00000000000000000e+00 1.82469588401933010e-02
-8.00000000000000000e+00 2.00479497354497348e-02
-7.00000000000000000e+00 1.91916677040541092e-02
-6.00000000000000000e+00 1.97588548575501378e-02
-5.00000000000000000e+00 4.92835184853857283e-03
-4.00000000000000000e+00 4.36900273467208183e-04
-3.00000000000000000e+00 4.17101147028154317e-04
-2.00000000000000000e+00 4.97983968129026076e-04
-1.00000000000000000e+00 4.98761141680342389e-04
0.00000000000000000e+00 4.64996953468235915e-04
1.00000000000000000e+00 5.31914893617021285e-04
2.00000000000000000e+00 4.81340050701152013e-04
3.00000000000000000e+00 4.50124588055622523e-04
4.00000000000000000e+00 5.78610691439776221e-04
5.00000000000000000e+00 6.03894302175651582e-04
6.00000000000000000e+00 5.81057524694944777e-04
7.00000000000000000e+00 4.81772924361650856e-04
8.00000000000000000e+00 4.14210610164091107e-04
9.00000000000000000e+00 6.88308362146241486e-04
-9.00000000000000000e+00 1.94425644496400672e-02
-8.90000000000000036e+00 1.87307915939862110e-02
-8.80000000000000071e+00 1.93505660299261167e-02
-8.70000000000000107e+00 1.77540686407301682e-02
-8.60000000000000142e+00 1.90631808278867096e-02
-8.50000000000000178e+00 1.83486238532110102e-02
-8.40000000000000213e+00 1.97027093798896498e-02
-8.30000000000000249e+00 1.90779014308426059e-02
-8.20000000000000284e+00 2.04221405890044200e-02
-8.10000000000000320e+00 1.88784582937016679e-02
-8.00000000000000355e+00 1.85966818504743198e-02
-7.90000000000000391e+00 1.84677535709132888e-02
-7.80000000000000426e+00 1.98176366698155845e-02
-7.70000000000000462e+00 1.85031701960134271e-02
-7.60000000000000497e+00 1.98697201851775994e-02
-7.50000000000000533e+00 1.87929905011464150e-02
-7.40000000000000568e+00 2.04440581869348402e-02
-7.30000000000000604e+00 1.93412840635234506e-02
-7.20000000000000639e+00 2.02959223460362423e-02
-7.10000000000000675e+00 1.94646183469725197e-02
-7.00000000000000711e+00 1.96847194571974152e-02
-6.90000000000000746e+00 1.90994181634201871e-02
-6.80000000000000782e+00 1.85021655943820688e-02
-6.70000000000000817e+00 1.91914392546532510e-02
-6.60000000000000853e+00 1.89951364101279552e-02
-6.50000000000000888e+00 1.86728491760135354e-02
-6.40000000000000924e+00 1.95706419747994458e-02
-6.30000000000000959e+00 1.87977606146050441e-02
-6.20000000000000995e+00 1.98442652258551504e-02
-6.10000000000001030e+00 1.96165310561508092e-02
-6.00000000000001066e+00 1.86392178682139725e-02
-5.90000000000001101e+00 1.98987606912201069e-02
-5.80000000000001137e+00 1.83194174387128761e-02
-5.70000000000001172e+00 1.79554390563564890e-02
-5.60000000000001208e+00 1.71772849634662210e-02
-5.50000000000001243e+00 1.60024208334075026e-02
-5.40000000000001279e+00 1.57304947126598038e-02
-5.30000000000001315e+00 1.29961182646762090e-02
-5.20000000000001350e+00 9.52878874759672222e-03
-5.10000000000001386e+00 6.58910225556422289e-03
-5.00000000000001421e+00 4.49405856669918627e-03
-4.90000000000001457e+00 2.71893055398210026e-03
-4.80000000000001492e+00 1.91444521308257857e-03
-4.70000000000001528e+00 1.56742344671568232e-03
-4.60000000000001563e+00 1.21156084107828924e-03
-4.50000000000001599e+00 1.00804838632254350e-03
-4.40000000000001634e+00 6.92141776389917267e-04
-4.30000000000001670e+00 5.97304060053273117e-04
-4.20000000000001705e+00 7.29950687775759131e-04
-4.10000000000001741e+00 6.42332953286335953e-04
-4.00000000000001776e+00 3.99968002559795207e-04
-3.90000000000001767e+00 4.24961590010133699e-04
-3.80000000000001759e+00 7.22845118385967217e-04
-3.70000000000001750e+00 5.93719411415459140e-04
-3.60000000000001741e+00 4.46371636270883839e-04
-3.50000000000001732e+00 4.87900078064012490e-04
-3.40000000000001723e+00 5.64234012026244955e-04
-3.30000000000001714e+00 6.19647595290678268e-04
-3.20000000000001705e+00 6.48813482344163129e-04
-3.10000000000001696e+00 4.64929859719438862e-04
-3.00000000000001688e+00 3.36457582311944236e-04
-2.90000000000001679e+00 3.97848435659951003e-04
-2.80000000000001670e+00 5.17715580003235733e-04
-2.70000000000001661e+00 5.76997050903962027e-04
-2.60000000000001652e+00 5.42489708651115276e-04
-2.50000000000001643e+00 5.77533930118394497e-04
-2.40000000000001634e+00 3.85982405635343123e-04
-2.30000000000001625e+00 4.34565675749625782e-04
-2.20000000000001616e+00 3.75927560393579815e-04
-2.10000000000001608e+00 4.51627471853930783e-04
-2.00000000000001599e+00 2.91408311612621231e-04
-1.90000000000001590e+00 5.99753614731245578e-04
-1.80000000000001581e+00 6.41107834337735646e-04
-1.70000000000001572e+00 7.38445732265262541e-04
-1.60000000000001563e+00 5.16287249318339450e-04
-1.50000000000001554e+00 6.70679840345481874e-04
-1.40000000000001545e+00 4.70282980621097868e-04
-1.30000000000001537e+00 3.85994821236148439e-04
-1.20000000000001528e+00 3.75228399895588614e-04
-1.10000000000001519e+00 5.32240895454985348e-04
-1.00000000000001510e+00 5.46132099717296332e-04
