-1.00000000000000000e+01 0.00000000000000000e+00
-9.00000000000000000e+00 0.00000000000000000e+00
-8.00000000000000000e+00 0.00000000000000000e+00
-7.00000000000000000e+00 0.00000000000000000e+00
-6.00000000000000000e+00 2.97353553374962807e-04
-5.00000000000000000e+00 0.00000000000000000e+00
-4.00000000000000000e+00 0.00000000000000000e+00
-3.00000000000000000e+00 0.00000000000000000e+00
-2.00000000000000000e+00 0.00000000000000000e+00
-1.00000000000000000e+00 0.00000000000000000e+00
0.00000000000000000e+00 0.00000000000000000e+00
1.00000000000000000e+00 0.00000000000000000e+00
2.00000000000000000e+00 0.00000000000000000e+00
3.00000000000000000e+00 0.00000000000000000e+00
4.00000000000000000e+00 0.00000000000000000e+00
5.00000000000000000e+00 0.00000000000000000e+00
6.00000000000000000e+00 0.00000000000000000e+00
7.00000000000000000e+00 0.00000000000000000e+00
8.00000000000000000e+00 0.00000000000000000e+00
9.00000000000000000e+00 0.00000000000000000e+00
-1.00000000000000000e+01 0.00000000000000000e+00
-9.90000000000000036e+00 0.00000000000000000e+00
-9.80000000000000071e+00 0.00000000000000000e+00
-9.70000000000000107e+00 0.00000000000000000e+00
-9.60000000000000142e+00 0.00000000000000000e+00
-9.50000000000000178e+00 0.00000000000000000e+00
-9.40000000000000213e+00 0.00000000000000000e+00
-9.30000000000000249e+00 0.00000000000000000e+00
-9.20000000000000284e+00 0.00000000000000000e+00
-9.10000000000000320e+00 0.00000000000000000e+00
-9.00000000000000355e+00 0.00000000000000000e+00
-8.90000000000000391e+00 4.51059990978800178e-04
-8.80000000000000426e+00 0.00000000000000000e+00
-8.70000000000000462e+00 0.00000000000000000e+00
-8.60000000000000497e+00 0.00000000000000000e+00
-8.50000000000000533e+00 0.00000000000000000e+00
-8.40000000000000568e+00 0.00000000000000000e+00
-8.30000000000000604e+00 0.00000000000000000e+00
-8.20000000000000639e+00 0.00000000000000000e+00
-8.10000000000000675e+00 0.00000000000000000e+00
-8.00000000000000711e+00 4.77326968973747028e-04
-7.90000000000000746e+00 0.00000000000000000e+00
-7.80000000000000782e+00 0.00000000000000000e+00
-7.70000000000000817e+00 0.00000000000000000e+00
-7.60000000000000853e+00 4.47627573858549684e-04
-7.50000000000000888e+00 0.00000000000000000e+00
-7.40000000000000924e+00 0.00000000000000000e+00
-7.30000000000000959e+00 4.90677134445534802e-04
-7.20000000000000995e+00 0.00000000000000000e+00
-7.10000000000001030e+00 0.00000000000000000e+00
-7.00000000000001066e+00 4.75059382422802850e-04
-6.90000000000001101e+00 0.00000000000000000e+00
-6.80000000000001137e+00 0.00000000000000000e+00
-6.70000000000001172e+00 0.00000000000000000e+00
-6.60000000000001208e+00 0.00000000000000000e+00
-6.50000000000001243e+00 0.00000000000000000e+00
-6.40000000000001279e+00 3.36134453781512614e-04
-6.30000000000001315e+00 0.00000000000000000e+00
-6.20000000000001350e+00 0.00000000000000000e+00
-6.10000000000001386e+00 0.00000000000000000e+00
-6.00000000000001421e+00 0.00000000000000000e+00
-5.90000000000001457e+00 2.97265160523186656e-04
-5.80000000000001492e+00 0.00000000000000000e+00
-5.70000000000001528e+00 0.00000000000000000e+00
-5.60000000000001563e+00 0.00000000000000000e+00
-5.50000000000001599e+00 2.93255131964809384e-04
-5.40000000000001634e+00 2.90782204129107289e-04
-5.30000000000001670e+00 2.85959393766085240e-04
-5.20000000000001705e+00 0.00000000000000000e+00
-5.10000000000001741e+00 2.88350634371395626e-04
-5.00000000000001776e+00 0.00000000000000000e+00
-4.90000000000001812e+00 0.00000000000000000e+00
-4.80000000000001847e+00 0.00000000000000000e+00
-4.70000000000001883e+00 0.00000000000000000e+00
-4.60000000000001918e+00 0.00000000000000000e+00
-4.50000000000001954e+00 2.91120815138282412e-04
-4.40000000000001990e+00 0.00000000000000000e+00
-4.30000000000002025e+00 0.00000000000000000e+00
-4.20000000000002061e+00 0.00000000000000000e+00
-4.10000000000002096e+00 0.00000000000000000e+00
-4.00000000000002132e+00 0.00000000000000000e+00
-3.90000000000002123e+00 0.00000000000000000e+00
-3.80000000000002114e+00 0.00000000000000000e+00
-3.70000000000002105e+00 0.00000000000000000e+00
-3.60000000000002096e+00 0.00000000000000000e+00
-3.50000000000002087e+00 0.00000000000000000e+00
-3.40000000000002078e+00 0.00000000000000000e+00
-3.30000000000002069e+00 0.00000000000000000e+00
-3.20000000000002061e+00 0.00000000000000000e+00
-3.10000000000002052e+00 0.00000000000000000e+00
-3.00000000000002043e+00 0.00000000000000000e+00
-2.90000000000002034e+00 0.00000000000000000e+00
-2.80000000000002025e+00 0.00000000000000000e+00
-2.70000000000002016e+00 0.00000000000000000e+00
-2.60000000000002007e+00 0.00000000000000000e+00
-2.50000000000001998e+00 0.00000000000000000e+00
-2.40000000000001990e+00 0.00000000000000000e+00
-2.30000000000001981e+00 0.00000000000000000e+00
-2.20000000000001972e+00 0.00000000000000000e+00
-2.10000000000001963e+00 0.00000000000000000e+00
-2.00000000000001954e+00 0.00000000000000000e+00
