-1.00000000000000000e+01 4.28144331835360950e-02
-9.00000000000000000e+00 3.95956086801672047e-02
-8.00000000000000000e+00 3.74564296982659167e-02
-7.00000000000000000e+00 3.79483084524351658e-02
-6.00000000000000000e+00 3.43412741831203086e-02
-5.00000000000000000e+00 2.29515453712641482e-02
-4.00000000000000000e+00 3.59503932828258467e-03
-3.00000000000000000e+00 2.15634072592788906e-03
-2.00000000000000000e+00 2.12012431638036953e-03
-1.00000000000000000e+00 2.21670722598366369e-03
0.00000000000000000e+00 2.14426829855924456e-03
1.00000000000000000e+00 3.02027381404517759e-03
2.00000000000000000e+00 2.29519454936475504e-03
3.00000000000000000e+00 2.51260823195531514e-03
4.00000000000000000e+00 2.37369416697793796e-03
5.00000000000000000e+00 2.18652306691483403e-03
6.00000000000000000e+00 2.10805276154911762e-03
7.00000000000000000e+00 1.98735320686540184e-03
8.00000000000000000e+00 2.51864884732649636e-03
9.00000000000000000e+00 2.71198698246248419e-03
-9.00000000000000000e+00 3.29093177881660537e-02
-8.90000000000000036e+00 3.55837996302820203e-02
-8.80000000000000071e+00 4.33964630628370721e-02
-8.70000000000000107e+00 3.55257916749651473e-02
-8.60000000000000142e+00 3.96215922368922599e-02
-8.50000000000000178e+00 3.71460095623390926e-02
-8.40000000000000213e+00 3.76181804575049239e-02
-8.30000000000000249e+00 3.79094589620905392e-02
-8.20000000000000284e+00 4.00115015095731316e-02
-8.10000000000000320e+00 3.96150962259435163e-02
-8.00000000000000355e+00 3.91346165856827008e-02
-7.90000000000000391e+00 3.67517852469435857e-02
-7.80000000000000426e+00 3.78511901791506594e-02
-7.70000000000000462e+00 3.39556041661487965e-02
-7.60000000000000497e+00 3.64611560672036469e-02
-7.50000000000000533e+00 3.58416914140565201e-02
-7.40000000000000568e+00 3.66096795095449332e-02
-7.30000000000000604e+00 3.49010070349383278e-02
-7.20000000000000639e+00 3.49460693447456519e-02
-7.10000000000000675e+00 3.67130252729176015e-02
-7.00000000000000711e+00 3.75987677033507717e-02
-6.90000000000000746e+00 3.52100845564674164e-02
-6.80000000000000782e+00 3.83045643464260330e-02
-6.70000000000000817e+00 3.53969083712941529e-02
-6.60000000000000853e+00 3.97580272219375322e-02
-6.50000000000000888e+00 3.69068541300527214e-02
-6.40000000000000924e+00 3.96021044475825118e-02
-6.30000000000000959e+00 3.66742681969419448e-02
-6.20000000000000995e+00 3.73141307397362731e-02
-6.10000000000001030e+00 3.48173302981677063e-02
-6.00000000000001066e+00 3.96670665866826616e-02
-5.90000000000001101e+00 3.37307627787339012e-02
-5.80000000000001137e+00 3.22236422518084667e-02
-5.70000000000001172e+00 3.56869409326037862e-02
-5.60000000000001208e+00 3.12575540638539220e-02
-5.50000000000001243e+00 2.99488677867056248e-02
-5.40000000000001279e+00 2.85544723388208542e-02
-5.30000000000001315e+00 2.58781746545568882e-02
-5.20000000000001350e+00 2.30773487797229226e-02
-5.10000000000001386e+00 2.02917747484224649e-02
-5.00000000000001421e+00 1.92854342285826291e-02
-4.90000000000001457e+00 1.62162162162162171e-02
-4.80000000000001492e+00 1.52612598319491824e-02
-4.70000000000001528e+00 1.15269570292551252e-02
-4.60000000000001563e+00 9.15873112148965843e-03
-4.50000000000001599e+00 8.79160856120778447e-03
-4.40000000000001634e+00 7.87496971165495448e-03
-4.30000000000001670e+00 6.04668037247551096e-03
-4.20000000000001705e+00 8.64483431744607518e-03
-4.10000000000001741e+00 5.91286683353284704e-03
-4.00000000000001776e+00 5.03180365696750780e-03
-3.90000000000001767e+00 5.92503022974606979e-03
-3.80000000000001759e+00 6.37528277463919775e-03
-3.70000000000001750e+00 3.43766962185634156e-03
-3.60000000000001741e+00 2.22274427598171190e-03
-3.50000000000001732e+00 2.44616626700567543e-03
-3.40000000000001723e+00 3.39530928674382010e-03
-3.30000000000001714e+00 2.17444991235942863e-03
-3.20000000000001705e+00 2.70594403697922616e-03
-3.10000000000001696e+00 5.23218579697185774e-03
-3.00000000000001688e+00 2.63947644357667146e-03
-2.90000000000001679e+00 7.31358825951129721e-03
-2.80000000000001670e+00 3.18960995110068686e-03
-2.70000000000001661e+00 1.95718286110023801e-03
-2.60000000000001652e+00 3.03236735653526421e-03
-2.50000000000001643e+00 2.54885301614273582e-03
-2.40000000000001634e+00 2.45824596919962416e-03
-2.30000000000001625e+00 2.68177298339711354e-03
-2.20000000000001616e+00 2.40992890709724062e-03
-2.10000000000001608e+00 2.48240624698737103e-03
-2.00000000000001599e+00 2.18048645327615070e-03
-1.90000000000001590e+00 2.24689320329865593e-03
-1.80000000000001581e+00 2.30123254497042150e-03
-1.70000000000001572e+00 2.64551858793185546e-03
-1.60000000000001563e+00 2.27708099902410813e-03
-1.50000000000001554e+00 2.81472820092458107e-03
-1.40000000000001545e+00 2.88726409123513409e-03
-1.30000000000001537e+00 2.45824596919962416e-03
-1.20000000000001528e+00 2.45824596919962416e-03
-1.10000000000001519e+00 2.66968789359817290e-03
-1.00000000000001510e+00 2.00545628647310703e-03
