-1.00000000000000000e+01 1.60191273161984470e-02
-9.00000000000000000e+00 1.53083056598542697e-02
-8.00000000000000000e+00 1.46291049696192152e-02
-7.00000000000000000e+00 1.56154914182742022e-02
-6.00000000000000000e+00 1.38806616239861482e-02
-5.00000000000000000e+00 3.41985496895543233e-03
-4.00000000000000000e+00 8.14290011721626882e-04
-3.00000000000000000e+00 9.54238277990989434e-04
-2.00000000000000000e+00 5.61371409562026291e-04
-1.00000000000000000e+00 7.07465596210080550e-04
0.00000000000000000e+00 6.27388651584940616e-04
1.00000000000000000e+00 7.71303291246235988e-04
2.00000000000000000e+00 7.89298770355599858e-04
3.00000000000000000e+00 6.48794539745153474e-04
4.00000000000000000e+00 6.84559269246044137e-04
5.00000000000000000e+00 5.52278932121793176e-04
6.00000000000000000e+00 6.68220586455642264e-04
7.00000000000000000e+00 6.89593923214761539e-04
8.00000000000000000e+00 7.01423785594639860e-04
9.00000000000000000e+00 6.77630378691130891e-04
-8.50000000000000000e+00 1.45839528935942427e-02
-8.42500000000000071e+00 1.47931983382168526e-02
-8.35000000000000142e+00 1.46397128818830605e-02
-8.27500000000000213e+00 1.75125901647188303e-02
-8.20000000000000284e+00 1.40637405013042983e-02
-8.12500000000000355e+00 1.53420567833808200e-02
-8.05000000000000426e+00 1.44897450801295350e-02
-7.97500000000000409e+00 1.45012398052161446e-02
-7.90000000000000391e+00 1.48111930642593516e-02
-7.82500000000000373e+00 1.59933968922329750e-02
-7.75000000000000355e+00 1.54684416693664766e-02
-7.67500000000000338e+00 1.44469227393241272e-02
-7.60000000000000320e+00 1.40174463019880260e-02
-7.52500000000000302e+00 1.51837392401613751e-02
-7.45000000000000284e+00 1.54625181478027871e-02
-7.37500000000000266e+00 1.55788831319716228e-02
-7.30000000000000249e+00 1.43039800094581417e-02
-7.22500000000000231e+00 1.52893956560518768e-02
-7.15000000000000213e+00 1.47805376782558853e-02
-7.07500000000000195e+00 1.52345158106854343e-02
-7.00000000000000178e+00 1.62473006382223596e-02
-6.92500000000000160e+00 1.46186700632774565e-02
-6.85000000000000142e+00 1.58193355289903310e-02
-6.77500000000000124e+00 1.54685264663805434e-02
-6.70000000000000107e+00 1.57826332752460941e-02
-6.62500000000000089e+00 1.54616595830324270e-02
-6.55000000000000071e+00 1.55653727962817689e-02
-6.47500000000000053e+00 1.42217649180696251e-02
-6.40000000000000036e+00 1.49302887254363810e-02
-6.32500000000000018e+00 1.58454614530364121e-02
-6.25000000000000000e+00 1.51554879647595574e-02
-6.17499999999999982e+00 1.43004774523557976e-02
-6.09999999999999964e+00 1.39513564614547232e-02
-6.02499999999999947e+00 1.70499267385960454e-02
-5.94999999999999929e+00 1.47485066425223927e-02
-5.87499999999999911e+00 1.30301971437266819e-02
-5.79999999999999893e+00 1.25750133294006868e-02
-5.72499999999999876e+00 1.17277603312675432e-02
-5.64999999999999858e+00 1.12527462723186894e-02
-5.57499999999999840e+00 8.83282446837002459e-03
-5.49999999999999822e+00 8.72913854213167376e-03
-5.42499999999999805e+00 8.00136102885274855e-03
-5.34999999999999787e+00 7.02285213790906915e-03
-5.27499999999999769e+00 4.88823831096674936e-03
-5.19999999999999751e+00 4.31630291443128086e-03
-5.12499999999999734e+00 4.33854131486379087e-03
-5.04999999999999716e+00 3.07719497044957194e-03
-4.97499999999999698e+00 3.16017655201232713e-03
-4.89999999999999680e+00 2.14422927158506834e-03
-4.82499999999999662e+00 2.28300960222345287e-03
-4.74999999999999645e+00 1.78713999439535976e-03
-4.67499999999999627e+00 1.46992666059864207e-03
-4.59999999999999609e+00 1.03887381880571491e-03
-4.52499999999999591e+00 1.05407619614166360e-03
-4.44999999999999574e+00 1.21407914962353130e-03
-4.37499999999999556e+00 9.67348121171991422e-04
-4.29999999999999538e+00 8.20200665445822890e-04
-4.22499999999999520e+00 9.22217674457160934e-04
-4.14999999999999503e+00 7.95328491596726636e-04
-4.07499999999999485e+00 6.74026971528891719e-04
-3.99999999999999467e+00 1.43489178524452954e-03
-3.92499999999999449e+00 8.40016069872641055e-04
-3.84999999999999432e+00 6.96491880370973533e-04
-3.77499999999999414e+00 5.87266197893117499e-04
-3.69999999999999396e+00 1.75410788820203945e-03
-3.62499999999999378e+00 6.76004967850461465e-04
-3.54999999999999361e+00 6.24938157161530872e-04
-3.47499999999999343e+00 7.32003613294431575e-04
-3.39999999999999325e+00 7.67704198871944866e-04
-3.32499999999999307e+00 5.59156708845030739e-04
-3.24999999999999289e+00 7.22603887399463855e-04
-3.17499999999999272e+00 7.90389698762071816e-04
-3.09999999999999254e+00 6.34554069728130018e-04
-3.02499999999999236e+00 7.55936169992440610e-04
-2.94999999999999218e+00 6.48000083612914040e-04
-2.87499999999999201e+00 6.65827828457586190e-04
-2.79999999999999183e+00 8.15110902108315749e-04
-2.72499999999999165e+00 6.11755109723769092e-04
-2.64999999999999147e+00 8.15368914980694201e-04
-2.57499999999999130e+00 6.82879890739217471e-04
