-1.00000000000000000e+01 1.35123647275849461e-02
-9.00000000000000000e+00 1.31247981780791660e-02
-8.00000000000000000e+00 1.28063543303742096e-02
-7.00000000000000000e+00 1.31377122875000526e-02
-6.00000000000000000e+00 1.30559284876705806e-02
-5.00000000000000000e+00 2.22768635857344003e-03
-4.00000000000000000e+00 1.14623045530121083e-03
-3.00000000000000000e+00 8.31070275806201171e-04
-2.00000000000000000e+00 6.04277783139810557e-04
-1.00000000000000000e+00 7.13461336690798483e-04
0.00000000000000000e+00 6.58866581615524111e-04
1.00000000000000000e+00 6.21073702144802459e-04
2.00000000000000000e+00 8.18467995802728276e-04
3.00000000000000000e+00 6.63065966670443679e-04
4.00000000000000000e+00 7.38660925256747663e-04
5.00000000000000000e+00 6.58866581615524111e-04
6.00000000000000000e+00 6.04277783139810557e-04
7.00000000000000000e+00 6.46268637925897301e-04
8.00000000000000000e+00 7.59661551892018973e-04
9.00000000000000000e+00 5.62290452392042350e-04
-8.50000000000000000e+00 1.31592365348335225e-02
-8.42500000000000071e+00 1.43142759911519483e-02
-8.35000000000000142e+00 1.35985308995689620e-02
-8.27500000000000213e+00 1.31979824848410168e-02
-8.20000000000000284e+00 1.39045391729563095e-02
-8.12500000000000355e+00 1.34003706033354302e-02
-8.05000000000000426e+00 1.27590351722936951e-02
-7.97500000000000409e+00 1.38614282373450692e-02
-7.90000000000000391e+00 1.31506267261525395e-02
-7.82500000000000373e+00 1.29741578904885909e-02
-7.75000000000000355e+00 1.32108984600741060e-02
-7.67500000000000338e+00 1.33142381179030388e-02
-7.60000000000000320e+00 1.35812964930924554e-02
-7.52500000000000302e+00 1.31334075477790909e-02
-7.45000000000000284e+00 1.36545467685231237e-02
-7.37500000000000266e+00 1.25784026872428154e-02
-7.30000000000000249e+00 1.24107302077937510e-02
-7.22500000000000231e+00 1.24838113840470485e-02
-7.15000000000000213e+00 1.24795121992645631e-02
-7.07500000000000195e+00 1.31506267261525395e-02
-7.00000000000000178e+00 1.23677462085831219e-02
-6.92500000000000160e+00 1.35554459822491251e-02
-6.85000000000000142e+00 1.25354044493891544e-02
-6.77500000000000124e+00 1.30774492600916874e-02
-6.70000000000000107e+00 1.41719088268194449e-02
-6.62500000000000089e+00 1.37278076321338677e-02
-6.55000000000000071e+00 1.20712560642781651e-02
-6.47500000000000053e+00 1.35683710728449793e-02
-6.40000000000000036e+00 1.23290637298814221e-02
-6.32500000000000018e+00 1.47588912957438388e-02
-6.25000000000000000e+00 1.29741578904885909e-02
-6.17499999999999982e+00 1.28149582887337101e-02
-6.09999999999999964e+00 1.40123325536891351e-02
-6.02499999999999947e+00 1.17105458556972224e-02
-5.94999999999999929e+00 1.31635414940492121e-02
-5.87499999999999911e+00 1.09684640758422446e-02
-5.79999999999999893e+00 1.03601694915254235e-02
-5.72499999999999876e+00 9.91512214956121081e-03
-5.64999999999999858e+00 8.94081207792427578e-03
-5.57499999999999840e+00 7.58929891949680722e-03
-5.49999999999999822e+00 6.80648389371413601e-03
-5.42499999999999805e+00 6.34332452667741437e-03
-5.34999999999999787e+00 5.81694549197270001e-03
-5.27499999999999769e+00 4.22418948627454292e-03
-5.19999999999999751e+00 3.73382500273617378e-03
-5.12499999999999734e+00 3.29459484477956106e-03
-5.04999999999999716e+00 2.03815767355858138e-03
-4.97499999999999698e+00 3.10466246261153437e-03
-4.89999999999999680e+00 2.11817215192001366e-03
-4.82499999999999662e+00 1.89500575644764146e-03
-4.74999999999999645e+00 1.23451087755247716e-03
-4.67499999999999627e+00 1.52047815257704238e-03
-4.59999999999999609e+00 9.78120329790270904e-04
-4.52499999999999591e+00 9.06690621209004736e-04
-4.44999999999999574e+00 8.47873809513815754e-04
-4.37499999999999556e+00 9.02489191117827319e-04
-4.29999999999999538e+00 9.10892086572527202e-04
-4.22499999999999520e+00 8.05866033166423952e-04
-4.14999999999999503e+00 9.44505079338426668e-04
-4.07499999999999485e+00 6.21073702144802459e-04
-3.99999999999999467e+00 8.14267306328200140e-04
-3.92499999999999449e+00 9.52908680284445344e-04
-3.84999999999999432e+00 6.75664333316546646e-04
-3.77499999999999414e+00 8.56275787962609315e-04
-3.69999999999999396e+00 5.53893409088048122e-04
-3.62499999999999378e+00 5.83283677288863860e-04
-3.54999999999999361e+00 6.08476710029374752e-04
-3.47499999999999343e+00 5.91681213911642240e-04
-3.39999999999999325e+00 7.30260921387831529e-04
-3.32499999999999307e+00 6.96662316024492293e-04
-3.24999999999999289e+00 6.88263017193985215e-04
-3.17499999999999272e+00 7.59661551892018973e-04
-3.09999999999999254e+00 7.00862018314741555e-04
-3.02499999999999236e+00 6.33671011439650156e-04
-2.94999999999999218e+00 7.72262350951267735e-04
-2.87499999999999201e+00 7.38660925256747663e-04
-2.79999999999999183e+00 6.37870185024318800e-04
-2.72499999999999165e+00 5.83283677288863860e-04
-2.64999999999999147e+00 6.84063420652839872e-04
-2.57499999999999130e+00 5.91681213911642240e-04
