-1.00000000000000000e+01 7.44008823824325732e-02
-9.00000000000000000e+00 9.52673004190943418e-02
-8.00000000000000000e+00 7.78593702846796104e-02
-7.00000000000000000e+00 7.95969773299748107e-02
-6.00000000000000000e+00 9.38138015516537388e-02
-5.00000000000000000e+00 7.44008823824325732e-02
-4.00000000000000000e+00 1.40058673227973877e-02
-3.00000000000000000e+00 1.87003272557269761e-03
-2.00000000000000000e+00 1.77636499626028423e-03
-1.00000000000000000e+00 1.68271477984481641e-03
0.00000000000000000e+00 9.34142923867351655e-04
1.00000000000000000e+00 1.12118097729608525e-03
2.00000000000000000e+00 1.49546686606224881e-03
3.00000000000000000e+00 8.40650102746123644e-04
4.00000000000000000e+00 8.40650102746123644e-04
5.00000000000000000e+00 1.68271477984481641e-03
6.00000000000000000e+00 9.34142923867351655e-04
7.00000000000000000e+00 1.21472621939824324e-03
8.00000000000000000e+00 9.34142923867351655e-04
9.00000000000000000e+00 1.49546686606224881e-03
-7.50000000000000000e+00 9.40371656115989440e-02
-7.42499999999999982e+00 1.07035850811034200e-01
-7.34999999999999964e+00 8.38559579202913241e-02
-7.27499999999999947e+00 8.14493338716188869e-02
-7.19999999999999929e+00 7.80762652178287608e-02
-7.12499999999999911e+00 7.51555287979129016e-02
-7.04999999999999893e+00 1.03501544799176101e-01
-6.97499999999999876e+00 8.24325689463582117e-02
-6.89999999999999858e+00 7.65598312066713554e-02
-6.82499999999999840e+00 8.09038636134369049e-02
-6.74999999999999822e+00 8.51731820943893020e-02
-6.67499999999999805e+00 7.44008823824325732e-02
-6.59999999999999787e+00 7.10715713714514252e-02
-6.52499999999999769e+00 7.80762652178287608e-02
-6.44999999999999751e+00 8.17768803634528058e-02
-6.37499999999999734e+00 7.94882127745315387e-02
-6.29999999999999716e+00 7.80762652178287608e-02
-6.22499999999999698e+00 8.22139177860822107e-02
-6.14999999999999680e+00 8.18861066235864327e-02
-6.07499999999999662e+00 7.98145722059860896e-02
-5.99999999999999645e+00 8.57229709190394096e-02
-5.92499999999999627e+00 9.29212566299469633e-02
-5.84999999999999609e+00 1.01233299075025693e-01
-5.77499999999999591e+00 7.94882127745315387e-02
-5.69999999999999574e+00 1.03501544799176101e-01
-5.62499999999999556e+00 8.35271513803215737e-02
-5.54999999999999538e+00 7.98145722059860896e-02
-5.47499999999999520e+00 9.43723828005311044e-02
-5.39999999999999503e+00 8.02500252041536410e-02
-5.32499999999999485e+00 7.54792733112516351e-02
-5.24999999999999467e+00 8.31985442782046114e-02
-5.17499999999999449e+00 8.50632911392405072e-02
-5.09999999999999432e+00 6.73373842016137120e-02
-5.02499999999999414e+00 8.39656044511886690e-02
-4.94999999999999396e+00 8.37463335693334615e-02
-4.87499999999999378e+00 9.82984829848298491e-02
-4.79999999999999361e+00 7.86188846386148554e-02
-4.72499999999999343e+00 6.38403494837172375e-02
-4.64999999999999325e+00 6.98951572641038493e-02
-4.57499999999999307e+00 5.75404658507698355e-02
-4.49999999999999289e+00 4.89476260401370544e-02
-4.42499999999999272e+00 4.55698672911787686e-02
-4.34999999999999254e+00 3.70692992644212141e-02
-4.27499999999999236e+00 2.31070371431299527e-02
-4.19999999999999218e+00 2.34979463176998755e-02
-4.12499999999999201e+00 1.86329499001806238e-02
-4.04999999999999183e+00 1.25685125685125691e-02
-3.97499999999999165e+00 1.41018360779859922e-02
-3.89999999999999147e+00 9.89632422243166832e-03
-3.82499999999999130e+00 9.32554634513941237e-03
-3.74999999999999112e+00 1.14215593732301304e-02
-3.67499999999999094e+00 9.23047941979843710e-03
-3.59999999999999076e+00 2.62000561429774495e-03
-3.52499999999999059e+00 2.33863423760523846e-03
-3.44999999999999041e+00 4.02923538230884597e-03
-3.37499999999999023e+00 1.49546686606224881e-03
-3.29999999999999005e+00 1.02765321375186854e-03
-3.22499999999998987e+00 1.58908207141521783e-03
-3.14999999999998970e+00 1.12118097729608525e-03
-3.07499999999998952e+00 1.40186915887850457e-03
-2.99999999999998934e+00 1.77636499626028423e-03
-2.92499999999998916e+00 1.21472621939824324e-03
-2.84999999999998899e+00 1.21472621939824324e-03
-2.77499999999998881e+00 1.77636499626028423e-03
-2.69999999999998863e+00 1.68271477984481641e-03
-2.62499999999998845e+00 2.24487887007763544e-03
-2.54999999999998828e+00 1.96371797269496908e-03
-2.47499999999998810e+00 2.15114104002992910e-03
-2.39999999999998792e+00 1.30828894495841502e-03
-2.32499999999998774e+00 1.49546686606224881e-03
-2.24999999999998757e+00 5.44243220418504266e-03
-2.17499999999998739e+00 1.21472621939824324e-03
-2.09999999999998721e+00 1.02765321375186854e-03
-2.02499999999998703e+00 1.30828894495841502e-03
-1.94999999999998708e+00 8.40650102746123644e-04
-1.87499999999998712e+00 1.21472621939824324e-03
-1.79999999999998717e+00 1.02765321375186854e-03
-1.72499999999998721e+00 1.21472621939824324e-03
-1.64999999999998725e+00 9.34142923867351655e-04
-1.57499999999998730e+00 1.40186915887850457e-03
