-1.00000000000000000e+01 1.69920719441486207e-01
-9.00000000000000000e+00 1.61569487410424095e-01
-8.00000000000000000e+00 1.89728387148465655e-01
-7.00000000000000000e+00 1.86538614808320707e-01
-6.00000000000000000e+00 1.89360936813077002e-01
-5.00000000000000000e+00 1.77086651799936295e-01
-4.00000000000000000e+00 1.00944698015072706e-01
-3.00000000000000000e+00 1.99836199836199825e-03
-2.00000000000000000e+00 3.19467988003651043e-03
-1.00000000000000000e+00 3.22103533278553841e-03
0.00000000000000000e+00 2.59976602105810480e-03
1.00000000000000000e+00 2.77941272644038982e-03
2.00000000000000000e+00 2.63530016711659588e-03
3.00000000000000000e+00 3.49684312773190873e-03
4.00000000000000000e+00 2.30310107694303885e-03
5.00000000000000000e+00 2.79783980740451552e-03
6.00000000000000000e+00 2.53419539296273434e-03
7.00000000000000000e+00 2.38263893360808826e-03
8.00000000000000000e+00 3.62201668714830878e-03
9.00000000000000000e+00 2.43056680817966761e-03
-8.00000000000000000e+00 1.76084463600775037e-01
-7.90000000000000036e+00 1.78220168266382262e-01
-7.80000000000000071e+00 1.76440206595152971e-01
-7.70000000000000107e+00 1.79769951381477527e-01
-7.60000000000000142e+00 1.80844711595875951e-01
-7.50000000000000178e+00 1.77573441604967769e-01
-7.40000000000000213e+00 1.81883422374611275e-01
-7.30000000000000249e+00 1.72063741884713739e-01
-7.20000000000000284e+00 1.88928471360525152e-01
-7.10000000000000320e+00 1.76217250867328618e-01
-7.00000000000000355e+00 1.79927342408878588e-01
-6.90000000000000391e+00 1.77348900007942178e-01
-6.80000000000000426e+00 1.85561263090829459e-01
-6.70000000000000462e+00 1.65494349166205645e-01
-6.60000000000000497e+00 1.77695640077898342e-01
-6.50000000000000533e+00 1.82395932634254854e-01
-6.40000000000000568e+00 1.78900362824448794e-01
-6.30000000000000604e+00 1.76901924839596714e-01
-6.20000000000000639e+00 1.81306707872736644e-01
-6.10000000000000675e+00 1.92722317957760597e-01
-6.00000000000000711e+00 1.78359899829073409e-01
-5.90000000000000746e+00 1.81106719367588931e-01
-5.80000000000000782e+00 1.71723180646440599e-01
-5.70000000000000817e+00 1.84127742603432482e-01
-5.60000000000000853e+00 1.81590755668506521e-01
-5.50000000000000888e+00 1.85503981980532529e-01
-5.40000000000000924e+00 1.83332008584373263e-01
-5.30000000000000959e+00 1.68883657053168518e-01
-5.20000000000000995e+00 1.81342389133040349e-01
-5.10000000000001030e+00 1.71075907071818856e-01
-5.00000000000001066e+00 1.74290377801664093e-01
-4.90000000000001101e+00 1.71375361572294660e-01
-4.80000000000001137e+00 1.65895545796737764e-01
-4.70000000000001172e+00 1.59426534529358760e-01
-4.60000000000001208e+00 1.56994859012307225e-01
-4.50000000000001243e+00 1.49461538461538451e-01
-4.40000000000001279e+00 1.40787140107920455e-01
-4.30000000000001315e+00 1.33142232112548553e-01
-4.20000000000001350e+00 1.19646750175516389e-01
-4.10000000000001386e+00 1.08108108108108114e-01
-4.00000000000001421e+00 1.05355355355355354e-01
-3.90000000000001412e+00 9.84673375768998216e-02
-3.80000000000001403e+00 8.92693581342915571e-02
-3.70000000000001394e+00 8.25449301867548224e-02
-3.60000000000001386e+00 2.89389067524115744e-02
-3.50000000000001377e+00 4.55936950433140104e-03
-3.40000000000001368e+00 4.85262986484285945e-03
-3.30000000000001359e+00 3.90108650095109116e-03
-3.20000000000001350e+00 2.93378038558256499e-03
-3.10000000000001341e+00 3.22135296824666365e-03
-3.00000000000001332e+00 3.59300996243671397e-03
-2.90000000000001323e+00 3.30257406508013612e-03
-2.80000000000001315e+00 2.48539427390981555e-03
-2.70000000000001306e+00 2.28951017380929359e-03
-2.60000000000001297e+00 3.62929358392741425e-03
-2.50000000000001288e+00 2.69953815130423479e-03
-2.40000000000001279e+00 3.28111429214784315e-03
-2.30000000000001270e+00 2.52705242013866399e-03
-2.20000000000001261e+00 3.31190337034872407e-03
-2.10000000000001252e+00 2.59990370727010119e-03
-2.00000000000001243e+00 2.25864739287558094e-03
-1.90000000000001235e+00 3.49085267308811174e-03
-1.80000000000001226e+00 2.50892598668339293e-03
-1.70000000000001217e+00 3.08939949797258162e-03
-1.60000000000001208e+00 2.99157805742529190e-03
-1.50000000000001199e+00 2.85649365403966649e-03
-1.40000000000001190e+00 1.88470787028010667e-03
-1.30000000000001181e+00 2.60187985819754783e-03
-1.20000000000001172e+00 2.53205128205128208e-03
-1.10000000000001164e+00 3.02075551369084374e-03
-1.00000000000001155e+00 3.83490412739681498e-03
-9.00000000000011569e-01 2.16324422058633602e-03
-8.00000000000011591e-01 2.76000909179465511e-03
-7.00000000000011613e-01 1.97654072969995469e-03
-6.00000000000011635e-01 2.13150755716315712e-03
-5.00000000000011657e-01 2.83840657727317232e-03
-4.00000000000011680e-01 2.75410685934614251e-03
-3.00000000000011702e-01 3.22475570032573289e-03
-2.00000000000011696e-01 2.77975305449608889e-03
-1.00000000000011691e-01 2.65853974841136036e-03
-1.16850973341797726e-14 2.86644951140065151e-03
