-1.00000000000000000e+01 5.57029177718832910e-02
-9.00000000000000000e+00 7.78605280974949271e-02
-8.00000000000000000e+00 4.25671250818598565e-02
-7.00000000000000000e+00 4.53053184504267903e-02
-6.00000000000000000e+00 9.91944764096662768e-02
-5.00000000000000000e+00 4.66798159105851415e-02
-4.00000000000000000e+00 2.33554746089565043e-02
-3.00000000000000000e+00 2.07309254114126963e-02
-2.00000000000000000e+00 6.28535512256442504e-04
-1.00000000000000000e+00 6.28535512256442504e-04
0.00000000000000000e+00 1.25786163522012572e-03
1.00000000000000000e+00 6.28535512256442504e-04
2.00000000000000000e+00 1.04799832320268279e-03
3.00000000000000000e+00 1.04799832320268279e-03
4.00000000000000000e+00 2.09424083769633502e-04
5.00000000000000000e+00 8.38222967309304283e-04
6.00000000000000000e+00 4.18935902806870548e-04
7.00000000000000000e+00 8.38222967309304283e-04
8.00000000000000000e+00 1.46781295869154952e-03
9.00000000000000000e+00 8.38222967309304283e-04
-8.50000000000000000e+00 6.01553829078801325e-02
-8.37500000000000000e+00 4.89786953656929508e-02
-8.25000000000000000e+00 4.87483530961791839e-02
-8.12500000000000000e+00 8.76793441129583295e-02
-8.00000000000000000e+00 5.19823788546255536e-02
-7.87500000000000000e+00 8.00542740841248268e-02
-7.75000000000000000e+00 4.59921156373193155e-02
-7.62500000000000000e+00 5.92149035262807752e-02
-7.50000000000000000e+00 5.43046357615894065e-02
-7.37500000000000000e+00 2.31880319834923909e-01
-7.25000000000000000e+00 6.41711229946524131e-02
-7.12500000000000000e+00 2.27763496143958882e-01
-7.00000000000000000e+00 5.38393645189761683e-02
-6.87500000000000000e+00 4.16575790621592154e-02
-6.75000000000000000e+00 9.06599680292304172e-02
-6.62500000000000000e+00 6.58335193037268424e-02
-6.50000000000000000e+00 4.46194225721784771e-02
-6.37500000000000000e+00 2.29976822044810708e-01
-6.25000000000000000e+00 4.62212486308871823e-02
-6.12500000000000000e+00 4.23395896988214768e-02
-6.00000000000000000e+00 6.06262491672218545e-02
-5.87500000000000000e+00 6.84563758389261784e-02
-5.75000000000000000e+00 8.25022665457842280e-02
-5.62500000000000000e+00 6.03907637655417412e-02
-5.50000000000000000e+00 5.26779810447432217e-02
-5.37500000000000000e+00 5.31422271223814802e-02
-5.25000000000000000e+00 5.71049136786188558e-02
-5.12500000000000000e+00 1.28544423440453692e-01
-5.00000000000000000e+00 2.48301097752221644e-01
-4.87500000000000000e+00 5.47703180212014140e-02
-4.75000000000000000e+00 7.49493585415259983e-02
-4.62500000000000000e+00 5.10563380281690155e-02
-4.50000000000000000e+00 4.92091388400702975e-02
-4.37500000000000000e+00 2.28395061728395049e-01
-4.25000000000000000e+00 4.21121536111717237e-02
-4.12500000000000000e+00 2.44530244530244516e-02
-4.00000000000000000e+00 2.33554746089565043e-02
-3.87500000000000000e+00 7.80755433635788119e-03
-3.75000000000000000e+00 1.59540523292916389e-02
-3.62500000000000000e+00 2.82023681377825616e-02
-3.50000000000000000e+00 1.42280739010405607e-02
-3.37500000000000000e+00 2.90885585003232069e-02
-3.25000000000000000e+00 2.72937224438379172e-03
-3.12500000000000000e+00 1.67785234899328855e-03
-3.00000000000000000e+00 2.35747963994856410e-02
-2.87500000000000000e+00 6.28535512256442504e-04
-2.75000000000000000e+00 1.04799832320268279e-03
-2.62500000000000000e+00 2.44530244530244516e-02
-2.50000000000000000e+00 6.28535512256442504e-04
-2.37500000000000000e+00 1.04799832320268279e-03
-2.25000000000000000e+00 8.38222967309304283e-04
-2.12500000000000000e+00 6.28535512256442504e-04
-2.00000000000000000e+00 1.25786163522012572e-03
-1.87500000000000000e+00 9.21564143608506747e-02
-1.75000000000000000e+00 2.09424083769633502e-04
-1.62500000000000000e+00 4.18935902806870548e-04
-1.50000000000000000e+00 4.18935902806870548e-04
-1.37500000000000000e+00 2.09424083769633502e-04
-1.25000000000000000e+00 1.04799832320268279e-03
-1.12500000000000000e+00 4.18935902806870548e-04
-1.00000000000000000e+00 4.18935902806870548e-04
-8.75000000000000000e-01 8.38222967309304283e-04
-7.50000000000000000e-01 0.00000000000000000e+00
-6.25000000000000000e-01 8.38222967309304283e-04
-5.00000000000000000e-01 1.46781295869154952e-03
-3.75000000000000000e-01 1.46781295869154952e-03
-2.50000000000000000e-01 1.25786163522012572e-03
-1.25000000000000000e-01 6.28535512256442504e-04
0.00000000000000000e+00 4.18935902806870548e-04
1.25000000000000000e-01 1.04799832320268279e-03
2.50000000000000000e-01 4.18935902806870548e-04
3.75000000000000000e-01 1.25786163522012572e-03
5.00000000000000000e-01 4.18935902806870548e-04
6.25000000000000000e-01 4.18935902806870548e-04
7.50000000000000000e-01 2.09424083769633502e-04
8.75000000000000000e-01 1.25786163522012572e-03
1.00000000000000000e+00 6.28535512256442504e-04
1.12500000000000000e+00 1.04799832320268279e-03
1.25000000000000000e+00 2.09424083769633502e-04
1.37500000000000000e+00 4.18935902806870548e-04
-9.84999999999999964e+00 3.65742064626823016e-01
-9.69999999999999929e+00 3.77162629757785473e-01
-9.54999999999999893e+00 3.70051635111876054e-01
-9.39999999999999858e+00 3.66523605150214593e-01
-9.24999999999999822e+00 3.74784110535405890e-01
-9.09999999999999787e+00 3.71625502584721434e-01
-8.94999999999999751e+00 3.70051635111876054e-01
-8.79999999999999716e+00 3.70444763271162103e-01
-8.64999999999999680e+00 3.71231696813092149e-01
-8.49999999999999645e+00 3.68481375358166163e-01
-8.34999999999999609e+00 3.66914710933028021e-01
-8.19999999999999574e+00 3.66132723112128133e-01
-8.04999999999999538e+00 3.70051635111876054e-01
-7.89999999999999503e+00 3.75972342264477122e-01
-7.74999999999999467e+00 3.70051635111876054e-01
-7.59999999999999432e+00 3.68873602751504714e-01
-7.44999999999999396e+00 3.68089372672586679e-01
-7.29999999999999361e+00 3.69266055045871566e-01
-7.14999999999999325e+00 3.74388489208633102e-01
-6.99999999999999289e+00 3.72808278240873814e-01
-6.84999999999999254e+00 3.69658732434757664e-01
-6.69999999999999218e+00 3.69266055045871566e-01
-6.54999999999999183e+00 3.83545770567786770e-01
-6.39999999999999147e+00 3.74784110535405890e-01
-6.24999999999999112e+00 3.73202990224266840e-01
-6.09999999999999076e+00 3.62624821683309562e-01
-5.94999999999999041e+00 3.68873602751504714e-01
-5.79999999999999005e+00 3.76765638512539636e-01
-5.64999999999998970e+00 3.79947991909852623e-01
-5.49999999999998934e+00 3.66132723112128133e-01
-5.34999999999998899e+00 3.75576036866359431e-01
-5.19999999999998863e+00 3.79947991909852623e-01
-5.04999999999998828e+00 3.65742064626823016e-01
-4.89999999999998792e+00 3.79947991909852623e-01
-4.74999999999998757e+00 3.70051635111876054e-01
-4.59999999999998721e+00 3.73202990224266840e-01
-4.44999999999998685e+00 3.72808278240873814e-01
-4.29999999999998650e+00 3.63792118789263264e-01
-4.14999999999998614e+00 3.48010160880609654e-01
-3.99999999999998623e+00 2.81803542673107865e-01
-3.84999999999998632e+00 2.26502311248073962e-01
-3.69999999999998641e+00 1.70588235294117652e-01
-3.54999999999998650e+00 1.35520684736091301e-01
-3.39999999999998659e+00 1.26946672958942908e-01
-3.24999999999998668e+00 1.13805970149253727e-01
-3.09999999999998677e+00 1.08120649651972156e-01
-2.94999999999998685e+00 1.09923309319079718e-01
-2.79999999999998694e+00 1.01730103806228378e-01
-2.64999999999998703e+00 1.03002309468822176e-01
-2.49999999999998712e+00 1.03767044141437489e-01
-2.34999999999998721e+00 9.89415554532903779e-02
-2.19999999999998730e+00 9.66704936854190650e-02
-2.04999999999998739e+00 9.61670874454900182e-02
-1.89999999999998748e+00 9.56641431520991042e-02
-1.74999999999998757e+00 1.01476014760147601e-01
-1.59999999999998765e+00 5.26205009471690174e-03
-1.44999999999998774e+00 9.84360625574977055e-02
-1.29999999999998783e+00 1.25079499682001268e-02
-1.14999999999998792e+00 9.29839391377852882e-03
-9.99999999999987899e-01 2.31362467866323904e-02
-8.49999999999987876e-01 1.25079499682001268e-02
-6.99999999999987854e-01 1.53061224489795915e-02
-5.49999999999987832e-01 8.65892291446673790e-03
-3.99999999999987810e-01 9.24062214089661493e-02
-2.49999999999987815e-01 2.02948088015381320e-02
-9.99999999999878209e-02 3.04207119741100318e-02
5.00000000000121736e-02 9.31563286793316570e-02
2.00000000000012168e-01 1.29374337221633082e-02
3.50000000000012190e-01 7.38240877452014336e-03
5.00000000000012212e-01 2.77598450613298908e-02
6.50000000000012235e-01 1.37974952239439605e-02
8.00000000000012257e-01 9.91944764096662768e-02
9.50000000000012279e-01 3.78310214375788146e-03
1.10000000000001230e+00 9.93867625290759116e-03
1.25000000000001221e+00 1.81198038797697712e-02
1.40000000000001212e+00 2.42333261848595334e-02
1.55000000000001203e+00 3.28719723183390974e-02
1.70000000000001195e+00 2.79810589754627623e-02
1.85000000000001186e+00 2.07309254114126963e-02
