-1.00000000000000000e+01 9.18998923573735166e-02
-9.00000000000000000e+00 8.45501321095814273e-02
-8.00000000000000000e+00 8.80557977332170894e-02
-7.00000000000000000e+00 1.16186126177562091e-01
-6.00000000000000000e+00 9.55666470933646539e-02
-5.00000000000000000e+00 8.93177119228118488e-02
-4.00000000000000000e+00 2.24143816133803610e-02
-3.00000000000000000e+00 2.12219367809672729e-03
-2.00000000000000000e+00 6.73854447439353136e-04
-1.00000000000000000e+00 9.96457041629760908e-04
0.00000000000000000e+00 1.77167534049385458e-03
1.00000000000000000e+00 1.33214920071047962e-03
2.00000000000000000e+00 2.00691269929758036e-03
3.00000000000000000e+00 9.95465103417763567e-04
4.00000000000000000e+00 1.70803917103165559e-03
5.00000000000000000e+00 1.65562913907284768e-03
6.00000000000000000e+00 1.00919488674590710e-03
7.00000000000000000e+00 1.22167925366503780e-03
8.00000000000000000e+00 6.67185588791282158e-04
9.00000000000000000e+00 1.10011001100110005e-03
-8.00000000000000000e+00 7.95992960606470845e-02
-7.90000000000000036e+00 8.77341219546542705e-02
-7.80000000000000071e+00 8.98844744998591183e-02
-7.70000000000000107e+00 9.40182774854610853e-02
-7.60000000000000142e+00 8.45817314066021481e-02
-7.50000000000000178e+00 9.79574822842851217e-02
-7.40000000000000213e+00 8.54048048882099647e-02
-7.30000000000000249e+00 1.02697386906434387e-01
-7.20000000000000284e+00 8.80198977476855104e-02
-7.10000000000000320e+00 8.39361266548382667e-02
-7.00000000000000355e+00 1.04672897196261688e-01
-6.90000000000000391e+00 8.47798020370104655e-02
-6.80000000000000426e+00 8.38831291234684306e-02
-6.70000000000000462e+00 7.90929203539822989e-02
-6.60000000000000497e+00 9.65978958874163102e-02
-6.50000000000000533e+00 8.23827629911280113e-02
-6.40000000000000568e+00 9.65884554483949914e-02
-6.30000000000000604e+00 9.12605274057710913e-02
-6.20000000000000639e+00 1.20202751629254159e-01
-6.10000000000000675e+00 8.94476504534212763e-02
-6.00000000000000711e+00 8.12765957446808518e-02
-5.90000000000000746e+00 9.06280736265280273e-02
-5.80000000000000782e+00 8.68621064060803444e-02
-5.70000000000000817e+00 1.02673227822848781e-01
-5.60000000000000853e+00 9.93511759935117589e-02
-5.50000000000000888e+00 8.38364434687157017e-02
-5.40000000000000924e+00 1.20499211017070715e-01
-5.30000000000000959e+00 8.24554010394718401e-02
-5.20000000000000995e+00 9.16307857911732998e-02
-5.10000000000001030e+00 8.05132543711223891e-02
-5.00000000000001066e+00 9.05913602684188385e-02
-4.90000000000001101e+00 9.31812007606628578e-02
-4.80000000000001137e+00 8.44639531790369741e-02
-4.70000000000001172e+00 8.39884153909805503e-02
-4.60000000000001208e+00 1.06315058986814717e-01
-4.50000000000001243e+00 8.02778849864917016e-02
-4.40000000000001279e+00 5.33085961657390195e-02
-4.30000000000001315e+00 4.34399395618232168e-02
-4.20000000000001350e+00 3.35778134311253695e-02
-4.10000000000001386e+00 2.62366109038392088e-02
-4.00000000000001421e+00 1.54190207156308847e-02
-3.90000000000001412e+00 8.50206958272737429e-03
-3.80000000000001403e+00 1.69666399174595896e-02
-3.70000000000001394e+00 7.92410714285714246e-03
-3.60000000000001386e+00 7.11269170926872620e-03
-3.50000000000001377e+00 9.37814000223289104e-03
-3.40000000000001368e+00 1.66223404255319150e-03
-3.30000000000001359e+00 4.84343320567695405e-03
-3.20000000000001350e+00 5.02624818496593285e-03
-3.10000000000001341e+00 1.66241826443533185e-03
-3.00000000000001332e+00 3.43376163048294191e-03
-2.90000000000001323e+00 1.55193437534641393e-03
-2.80000000000001315e+00 1.33259300388672967e-03
-2.70000000000001306e+00 1.44028362508309324e-03
-2.60000000000001297e+00 1.77344269563289728e-03
-2.50000000000001288e+00 1.33362969548788627e-03
-2.40000000000001279e+00 1.99667221297836943e-03
-2.30000000000001270e+00 1.00840336134453779e-03
-2.20000000000001261e+00 1.48724402242306382e-03
-2.10000000000001252e+00 2.00333889816360590e-03
-2.00000000000001243e+00 8.86917960088691795e-04
-1.90000000000001235e+00 1.10533878633801270e-03
-1.80000000000001226e+00 1.21466431095406356e-03
-1.70000000000001217e+00 9.98557638965938063e-04
-1.60000000000001208e+00 1.10509448557851689e-03
-1.50000000000001199e+00 1.10791048083314862e-03
-1.40000000000001190e+00 1.45105480522379738e-03
-1.30000000000001181e+00 6.72494956287827831e-04
-1.20000000000001172e+00 9.98557638965938063e-04
-1.10000000000001164e+00 1.36830102622576976e-03
-1.00000000000001155e+00 8.82709919452719875e-04
-9.00000000000011569e-01 9.98114672285682668e-04
-8.00000000000011591e-01 9.96126175982291195e-04
-7.00000000000011613e-01 1.55590131140253391e-03
-6.00000000000011635e-01 7.75881179339392587e-04
-5.00000000000011657e-01 1.32890365448504991e-03
-4.00000000000011680e-01 8.98876404494382058e-04
-3.00000000000011702e-01 1.65855816010614782e-03
-2.00000000000011696e-01 1.77422931913949868e-03
-1.00000000000011691e-01 1.55107467316640819e-03
-1.16850973341797726e-14 1.43678160919540228e-03
