-1.00000000000000000e+01 3.39310344827586208e-01
-9.00000000000000000e+00 3.19891255097417282e-01
-8.00000000000000000e+00 3.58886642823822100e-01
-7.00000000000000000e+00 3.28923357664233584e-01
-6.00000000000000000e+00 3.19990937240389683e-01
-5.00000000000000000e+00 3.60791030831516646e-01
-4.00000000000000000e+00 2.50125169873399611e-01
-3.00000000000000000e+00 1.11657506508533403e-02
-2.00000000000000000e+00 9.18066862982851173e-03
-1.00000000000000000e+00 1.09318063508589275e-02
0.00000000000000000e+00 8.77294239870714601e-03
1.00000000000000000e+00 8.59830342200934919e-03
2.00000000000000000e+00 8.83116883116883203e-03
3.00000000000000000e+00 8.48191102648433379e-03
4.00000000000000000e+00 7.20336541232063660e-03
5.00000000000000000e+00 9.76370674215725973e-03
6.00000000000000000e+00 7.78412039439543325e-03
7.00000000000000000e+00 8.13289496452673441e-03
8.00000000000000000e+00 9.47210350005775643e-03
9.00000000000000000e+00 1.01138530890597014e-02
-8.00000000000000000e+00 3.48403024224656688e-01
-7.90000000000000036e+00 3.50382446109866352e-01
-7.80000000000000071e+00 3.40337423312883414e-01
-7.70000000000000107e+00 3.41777982496545396e-01
-7.60000000000000142e+00 3.12852099451663812e-01
-7.50000000000000178e+00 3.24592648730579747e-01
-7.40000000000000213e+00 3.49965242913416241e-01
-7.30000000000000249e+00 3.31555690994971786e-01
-7.20000000000000284e+00 3.50695517774343102e-01
-7.10000000000000320e+00 3.18994792845822939e-01
-7.00000000000000355e+00 3.39618303058174309e-01
-6.90000000000000391e+00 3.34402198808978479e-01
-6.80000000000000426e+00 3.23188734953440859e-01
-6.70000000000000462e+00 3.23689790972432612e-01
-6.60000000000000497e+00 3.50904312876797020e-01
-6.50000000000000533e+00 3.12457760756927216e-01
-6.40000000000000568e+00 3.45082345698014492e-01
-6.30000000000000604e+00 3.28317373461012307e-01
-6.20000000000000639e+00 3.54253835425383523e-01
-6.10000000000000675e+00 3.18994792845822939e-01
-6.00000000000000711e+00 3.48091014269186261e-01
-5.90000000000000746e+00 3.17503392130257800e-01
-5.80000000000000782e+00 3.43634686346863449e-01
-5.70000000000000817e+00 2.92273567467652484e-01
-5.60000000000000853e+00 3.23890319648538094e-01
-5.50000000000000888e+00 3.27510253683730823e-01
-5.40000000000000924e+00 3.47571318427139564e-01
-5.30000000000000959e+00 3.36545079146593262e-01
-5.20000000000000995e+00 3.12950721153846145e-01
-5.10000000000001030e+00 3.25898953117888024e-01
-5.00000000000001066e+00 3.17801402397647592e-01
-4.90000000000001101e+00 3.50382446109866352e-01
-4.80000000000001137e+00 3.33893001602686423e-01
-4.70000000000001172e+00 3.39823687236489091e-01
-4.60000000000001208e+00 3.40131881613249476e-01
-4.50000000000001243e+00 3.21088435374149661e-01
-4.40000000000001279e+00 3.07255048616305149e-01
-4.30000000000001315e+00 2.81566212054553455e-01
-4.20000000000001350e+00 3.01608579088471829e-01
-4.10000000000001386e+00 3.08723324597528992e-01
-4.00000000000001421e+00 2.76511831726555635e-01
-3.90000000000001412e+00 2.00906967156795374e-01
-3.80000000000001403e+00 1.87686871432454466e-01
-3.70000000000001394e+00 1.27685657139170267e-01
-3.60000000000001386e+00 1.09714285714285709e-01
-3.50000000000001377e+00 1.01253859240123492e-01
-3.40000000000001368e+00 8.70755069038437607e-02
-3.30000000000001359e+00 1.76419213973799116e-02
-3.20000000000001350e+00 1.25716934128961236e-02
-3.10000000000001341e+00 9.88039521580863153e-03
-3.00000000000001332e+00 1.35111626558422730e-02
-2.90000000000001323e+00 9.41380306092982899e-03
-2.80000000000001315e+00 1.02306225073695162e-02
-2.70000000000001306e+00 9.58872458410351194e-03
-2.60000000000001297e+00 1.14583333333333325e-02
-2.50000000000001288e+00 7.31946285516684933e-03
-2.40000000000001279e+00 8.71472268713568456e-03
-2.30000000000001270e+00 6.39143202625669371e-03
-2.20000000000001261e+00 9.53041067405995500e-03
-2.10000000000001252e+00 8.83116883116883203e-03
-2.00000000000001243e+00 9.76370674215725973e-03
-1.90000000000001235e+00 7.20336541232063660e-03
-1.80000000000001226e+00 1.11072544255466851e-02
-1.70000000000001217e+00 9.00588846553515739e-03
-1.60000000000001208e+00 8.65650969529085934e-03
-1.50000000000001199e+00 9.06414179319900773e-03
-1.40000000000001190e+00 8.88940198568459981e-03
-1.30000000000001181e+00 8.59830342200934919e-03
-1.20000000000001172e+00 8.83116883116883203e-03
-1.10000000000001164e+00 8.54010386612810181e-03
-1.00000000000001155e+00 8.71472268713568456e-03
-9.00000000000011569e-01 9.23894214112484097e-03
-8.00000000000011591e-01 7.55173805268922593e-03
-7.00000000000011613e-01 1.04642423541654629e-02
-6.00000000000011635e-01 7.55173805268922593e-03
-5.00000000000011657e-01 8.83116883116883203e-03
-4.00000000000011680e-01 9.53041067405995500e-03
-3.00000000000011702e-01 8.36554549125944659e-03
-2.00000000000011696e-01 7.66791582588642259e-03
-1.00000000000011691e-01 9.06414179319900773e-03
-1.16850973341797726e-14 9.06414179319900773e-03
