-1.00000000000000000e+01 8.64864864864864913e-02
-9.00000000000000000e+00 5.76720690380972401e-02
-8.00000000000000000e+00 9.35799782372143674e-02
-7.00000000000000000e+00 5.96794601433994071e-02
-6.00000000000000000e+00 4.66569464694855246e-02
-5.00000000000000000e+00 4.27474579788337805e-02
-4.00000000000000000e+00 2.82381829343155318e-02
-3.00000000000000000e+00 3.98168425243878156e-04
-2.00000000000000000e+00 9.96015936254980062e-04
-1.00000000000000000e+00 3.98168425243878156e-04
0.00000000000000000e+00 5.97371565113500561e-04
1.00000000000000000e+00 3.98168425243878156e-04
2.00000000000000000e+00 1.86499087776201104e-02
3.00000000000000000e+00 5.97371565113500561e-04
4.00000000000000000e+00 1.39497807891590274e-03
5.00000000000000000e+00 9.96015936254980062e-04
6.00000000000000000e+00 3.98168425243878156e-04
7.00000000000000000e+00 1.19545726240286899e-03
8.00000000000000000e+00 5.97371565113500561e-04
9.00000000000000000e+00 5.97371565113500561e-04
-1.25000000000000000e+01 4.64389837567680125e-02
-1.23249999999999993e+01 9.76408912188728717e-02
-1.21499999999999986e+01 6.03502848702257844e-02
-1.19749999999999979e+01 5.90094836670179146e-02
-1.17999999999999972e+01 6.01265822784810139e-02
-1.16249999999999964e+01 4.14507772020725404e-02
-1.14499999999999957e+01 5.27969830295411668e-02
-1.12749999999999950e+01 4.92795990812278165e-02
-1.10999999999999943e+01 8.32075878422073728e-02
-1.09249999999999936e+01 5.78947368421052627e-02
-1.07499999999999929e+01 4.25311203319502090e-02
-1.05749999999999922e+01 4.68750000000000000e-02
-1.03999999999999915e+01 4.64389837567680125e-02
-1.02249999999999908e+01 4.60033305578684409e-02
-1.00499999999999901e+01 4.40473717016413857e-02
-9.87499999999998934e+00 5.90094836670179146e-02
-9.69999999999998863e+00 5.45645330535152184e-02
-9.52499999999998792e+00 4.53505304763886022e-02
-9.34999999999998721e+00 6.28172588832487250e-02
-9.17499999999998650e+00 5.54505356017643350e-02
-8.99999999999998579e+00 1.89067676289635583e-01
-8.82499999999998508e+00 4.97179862126592848e-02
-8.64999999999998437e+00 2.13475006037189080e-01
-8.47499999999998366e+00 4.79666319082377446e-02
-8.29999999999998295e+00 9.81206293706293753e-02
-8.12499999999998224e+00 5.08155583437892092e-02
-7.94999999999998241e+00 5.43432647922786408e-02
-7.77499999999998259e+00 5.83403538331929220e-02
-7.59999999999998277e+00 5.92327150084317050e-02
-7.42499999999998295e+00 7.12001705393306289e-02
-7.24999999999998312e+00 6.16944855271497963e-02
-7.07499999999998330e+00 8.88407367280606708e-02
-6.89999999999998348e+00 4.81852315394242781e-02
-6.72499999999998366e+00 2.81560826319816382e-01
-6.54999999999998384e+00 5.08155583437892092e-02
-6.37499999999998401e+00 7.74013722126929704e-02
-6.19999999999998419e+00 4.79666319082377446e-02
-6.02499999999998437e+00 2.00430004777830878e-01
-5.84999999999998455e+00 4.97179862126592848e-02
-5.67499999999998472e+00 9.00216919739696281e-02
-5.49999999999998490e+00 6.84669359982989639e-02
-5.32499999999998508e+00 5.76720690380972401e-02
-5.14999999999998526e+00 4.94987468671679171e-02
-4.97499999999998543e+00 5.63380281690140858e-02
-4.79999999999998561e+00 4.94987468671679171e-02
-4.62499999999998579e+00 5.58940953981929001e-02
-4.44999999999998597e+00 4.90605427974947841e-02
-4.27499999999998614e+00 3.80086758934104554e-02
-4.09999999999998632e+00 5.12552301255230144e-02
-3.92499999999998650e+00 1.04564649105167908e-02
-3.74999999999998668e+00 1.24924440862381626e-02
-3.57499999999998685e+00 1.39225181598062950e-02
-3.39999999999998703e+00 2.40472793967801100e-02
-3.22499999999998721e+00 3.59496704613541029e-03
-3.04999999999998739e+00 1.02533172496984317e-02
-2.87499999999998757e+00 7.82190132370637857e-03
-2.69999999999998774e+00 1.19545726240286899e-03
-2.52499999999998792e+00 7.61981150992580708e-03
-2.34999999999998810e+00 1.79425837320574167e-03
-2.17499999999998828e+00 3.19425034937113189e-03
-1.99999999999998823e+00 9.96015936254980062e-04
-1.82499999999998819e+00 9.96015936254980062e-04
-1.64999999999998814e+00 1.99401794616151529e-03
-1.47499999999998810e+00 1.99044585987261157e-04
-1.29999999999998805e+00 3.98168425243878156e-04
-1.12499999999998801e+00 1.99044585987261157e-04
-9.49999999999987965e-01 1.99044585987261157e-04
-7.74999999999987921e-01 3.98168425243878156e-04
-5.99999999999987876e-01 1.19545726240286899e-03
-4.24999999999987887e-01 9.96015936254980062e-04
-2.49999999999987899e-01 2.19385719984044672e-03
-7.49999999999879097e-02 1.59457843332668934e-03
1.00000000000012079e-01 7.96654052977494509e-04
2.75000000000012068e-01 9.96015936254980062e-04
4.50000000000012057e-01 7.96654052977494509e-04
6.25000000000011990e-01 3.98168425243878156e-04
8.00000000000012035e-01 3.98168425243878156e-04
9.75000000000012079e-01 5.97371565113500561e-04
1.15000000000001212e+00 5.97371565113500561e-04
1.32500000000001217e+00 5.97371565113500561e-04
