-1.00000000000000000e+01 1.64562818055647361e-02
-9.00000000000000000e+00 1.72816748411731801e-02
-8.00000000000000000e+00 1.73934385993618594e-02
-7.00000000000000000e+00 1.81938846533611746e-02
-6.00000000000000000e+00 1.78032976198113820e-02
-5.00000000000000000e+00 3.40749084764854987e-03
-4.00000000000000000e+00 4.87153077415583319e-04
-3.00000000000000000e+00 3.35547011534428528e-04
-2.00000000000000000e+00 5.43910296640307900e-04
-1.00000000000000000e+00 4.59885446715999850e-04
0.00000000000000000e+00 4.44864594339098012e-04
1.00000000000000000e+00 3.37415119009124259e-04
2.00000000000000000e+00 5.89705428098059544e-04
3.00000000000000000e+00 5.42442661028971979e-04
4.00000000000000000e+00 4.79948052681356842e-04
5.00000000000000000e+00 4.22910469853532032e-04
6.00000000000000000e+00 6.69661541895700185e-04
7.00000000000000000e+00 5.19130666591836984e-04
8.00000000000000000e+00 5.15744135152841447e-04
9.00000000000000000e+00 6.13334448486875993e-04
-8.50000000000000000e+00 1.76240955196576461e-02
-8.42500000000000071e+00 1.75529755622310622e-02
-8.35000000000000142e+00 1.70996274841229458e-02
-8.27500000000000213e+00 1.78219475530315696e-02
-8.20000000000000284e+00 1.74595677454030193e-02
-8.12500000000000355e+00 1.69422029784163236e-02
-8.05000000000000426e+00 1.66589922378634382e-02
-7.97500000000000409e+00 1.73196212863205995e-02
-7.90000000000000391e+00 1.71780147662018053e-02
-7.82500000000000373e+00 1.67688215566092272e-02
-7.75000000000000355e+00 1.77167932931621697e-02
-7.67500000000000338e+00 1.77424639580602873e-02
-7.60000000000000320e+00 1.76636021248951537e-02
-7.52500000000000302e+00 1.73963039014373710e-02
-7.45000000000000284e+00 1.74853198554067099e-02
-7.37500000000000266e+00 1.68606655612286785e-02
-7.30000000000000249e+00 1.72385859175010515e-02
-7.22500000000000231e+00 1.81623226657868682e-02
-7.15000000000000213e+00 1.83257320378081845e-02
-7.07500000000000195e+00 1.76785830991438471e-02
-7.00000000000000178e+00 1.81010206240945423e-02
-6.92500000000000160e+00 1.74063551157702216e-02
-6.85000000000000142e+00 1.67712828560219705e-02
-6.77500000000000124e+00 1.82757709832926107e-02
-6.70000000000000107e+00 1.79480881028412365e-02
-6.62500000000000089e+00 1.82532905865863300e-02
-6.55000000000000071e+00 1.69842312746386337e-02
-6.47500000000000053e+00 1.79942220387948812e-02
-6.40000000000000036e+00 1.63417995668438676e-02
-6.32500000000000018e+00 1.71826347793482340e-02
-6.25000000000000000e+00 1.75669526781071228e-02
-6.17499999999999982e+00 1.72292207584062579e-02
-6.09999999999999964e+00 1.69048034380500818e-02
-6.02499999999999947e+00 1.66372693902845960e-02
-5.94999999999999929e+00 1.74731182795698908e-02
-5.87499999999999911e+00 1.81127847628532318e-02
-5.79999999999999893e+00 1.68019078295341927e-02
-5.72499999999999876e+00 1.78637031594415865e-02
-5.64999999999999858e+00 1.67120387174833629e-02
-5.57499999999999840e+00 1.55652485659655837e-02
-5.49999999999999822e+00 1.51580577435637808e-02
-5.42499999999999805e+00 1.38235294117647067e-02
-5.34999999999999787e+00 1.24225422263891123e-02
-5.27499999999999769e+00 9.32343473595684778e-03
-5.19999999999999751e+00 7.31648410973305494e-03
-5.12499999999999734e+00 5.97831451010250557e-03
-5.04999999999999716e+00 4.67842930294256124e-03
-4.97499999999999698e+00 3.38423791192520853e-03
-4.89999999999999680e+00 2.22645867831846710e-03
-4.82499999999999662e+00 1.60819332176562690e-03
-4.74999999999999645e+00 1.54518625758672521e-03
-4.67499999999999627e+00 1.68521329786493223e-03
-4.59999999999999609e+00 8.78367073782834241e-04
-4.52499999999999591e+00 9.91066443327749810e-04
-4.44999999999999574e+00 1.06139321825596332e-03
-4.37499999999999556e+00 6.03491831808229988e-04
-4.29999999999999538e+00 7.61878376506441380e-04
-4.22499999999999520e+00 6.42727399748497922e-04
-4.14999999999999503e+00 5.46057882135506318e-04
-4.07499999999999485e+00 7.23015530929770121e-04
-3.99999999999999467e+00 3.95569620253164551e-04
-3.92499999999999449e+00 3.92074494153889263e-04
-3.84999999999999432e+00 3.63743197302704316e-04
-3.77499999999999414e+00 5.83811734615865803e-04
-3.69999999999999396e+00 3.34588038477624436e-04
-3.62499999999999378e+00 5.87075942466557649e-04
-3.54999999999999361e+00 6.89315608074839961e-04
-3.47499999999999343e+00 6.27037873087534447e-04
-3.39999999999999325e+00 5.28967955678053383e-04
-3.32499999999999307e+00 6.09139866819874529e-04
-3.24999999999999289e+00 6.87256304524671126e-04
-3.17499999999999272e+00 5.02085047628345483e-04
-3.09999999999999254e+00 4.01239692290663555e-04
-3.02499999999999236e+00 3.90592305331584984e-04
-2.94999999999999218e+00 3.76527026273219150e-04
-2.87499999999999201e+00 4.63209904269953096e-04
-2.79999999999999183e+00 4.17920427950518240e-04
-2.72499999999999165e+00 7.12748413785392805e-04
-2.64999999999999147e+00 5.61474431858059253e-04
-2.57499999999999130e+00 4.07240454424176034e-04
