-1.00000000000000000e+01 1.27764655357526291e-01
-9.00000000000000000e+00 9.52873088052914458e-02
-8.00000000000000000e+00 1.05145413870246091e-01
-7.00000000000000000e+00 1.35412123855211508e-01
-6.00000000000000000e+00 1.15147905499305148e-01
-5.00000000000000000e+00 1.08185931715343478e-01
-4.00000000000000000e+00 2.24442736356648721e-02
-3.00000000000000000e+00 9.91360997025917063e-04
-2.00000000000000000e+00 8.27700372465167656e-04
-1.00000000000000000e+00 2.09234202817687280e-03
0.00000000000000000e+00 1.87563122204588081e-03
1.00000000000000000e+00 1.66297117516629712e-03
2.00000000000000000e+00 1.92731277533039649e-03
3.00000000000000000e+00 1.10543042697250240e-03
4.00000000000000000e+00 1.40587656403767759e-03
5.00000000000000000e+00 2.29621125143513209e-03
6.00000000000000000e+00 1.02835316585867496e-03
7.00000000000000000e+00 1.09920307776861770e-03
8.00000000000000000e+00 1.14269390087130417e-03
9.00000000000000000e+00 8.36703388648724045e-04
-7.50000000000000000e+00 1.08889371875679195e-01
-7.42499999999999982e+00 1.08840610884061093e-01
-7.34999999999999964e+00 8.42975206611570188e-02
-7.27499999999999947e+00 1.02650399663441319e-01
-7.19999999999999929e+00 1.26055880441845347e-01
-7.12499999999999911e+00 1.04721930745015734e-01
-7.04999999999999893e+00 1.24035989717223655e-01
-6.97499999999999876e+00 1.13525026624068159e-01
-6.89999999999999858e+00 1.04893617021276600e-01
-6.82499999999999840e+00 9.05993185007015478e-02
-6.74999999999999822e+00 1.20108809374346093e-01
-6.67499999999999805e+00 1.10739657333890518e-01
-6.59999999999999787e+00 1.06472277446432520e-01
-6.52499999999999769e+00 1.17815459149966967e-01
-6.44999999999999751e+00 9.97903563941299754e-02
-6.37499999999999734e+00 9.19957310565635011e-02
-6.29999999999999716e+00 1.07120352867044744e-01
-6.22499999999999698e+00 1.01865751662020165e-01
-6.14999999999999680e+00 9.39974989578991199e-02
-6.07499999999999662e+00 9.84510927222575910e-02
-5.99999999999999645e+00 1.04696875646596313e-01
-5.92499999999999627e+00 1.33043478260869569e-01
-5.84999999999999609e+00 1.03177795655671756e-01
-5.77499999999999591e+00 1.14285714285714282e-01
-5.69999999999999574e+00 1.34611242730992897e-01
-5.62499999999999556e+00 1.13840239214011110e-01
-5.54999999999999538e+00 9.95365706226072899e-02
-5.47499999999999520e+00 1.04395604395604399e-01
-5.39999999999999503e+00 1.02312390924956365e-01
-5.32499999999999485e+00 1.30653266331658302e-01
-5.24999999999999467e+00 1.28475964647553342e-01
-5.17499999999999449e+00 9.45191313340227462e-02
-5.09999999999999432e+00 8.71680518953983352e-02
-5.02499999999999414e+00 1.03642584020929768e-01
-4.94999999999999396e+00 8.91341256366723206e-02
-4.87499999999999378e+00 1.07737718743411343e-01
-4.79999999999999361e+00 9.11382586775256881e-02
-4.72499999999999343e+00 1.14525711944273717e-01
-4.64999999999999325e+00 1.02481985588470770e-01
-4.57499999999999307e+00 8.48313472025853388e-02
-4.49999999999999289e+00 8.30786860198624855e-02
-4.42499999999999272e+00 8.39540970404670794e-02
-4.34999999999999254e+00 8.29694323144104795e-02
-4.27499999999999236e+00 5.07549572494087678e-02
-4.19999999999999218e+00 6.97340043134435650e-02
-4.12499999999999201e+00 3.55029585798816577e-02
-4.04999999999999183e+00 2.50718620249121699e-02
-3.97499999999999165e+00 3.77794911333847322e-02
-3.89999999999999147e+00 1.98816208832903324e-02
-3.82499999999999130e+00 1.70814313061404786e-02
-3.74999999999999112e+00 1.70623145400593465e-02
-3.67499999999999094e+00 1.01070154577883476e-02
-3.59999999999999076e+00 4.50058072009291554e-03
-3.52499999999999059e+00 1.21860603358597119e-02
-3.44999999999999041e+00 3.00988963737996258e-03
-3.37499999999999023e+00 5.55015956708755382e-03
-3.29999999999999005e+00 3.93424195588028703e-03
-3.22499999999998987e+00 4.49059781083356764e-03
-3.14999999999998970e+00 1.79781496335223350e-03
-3.07499999999998952e+00 7.01804640504153504e-03
-2.99999999999998934e+00 6.42804967129291440e-03
-2.92499999999998916e+00 9.82594048287478879e-04
-2.84999999999998899e+00 1.32430841671571506e-03
-2.77499999999998881e+00 1.53069034134394608e-03
-2.69999999999998863e+00 1.11405096783177837e-03
-2.62499999999998845e+00 2.19651486308390697e-03
-2.54999999999998828e+00 2.06868018204385594e-03
-2.47499999999998810e+00 1.00922722029988458e-03
-2.39999999999998792e+00 1.95312500000000000e-03
-2.32499999999998774e+00 1.14744693057946059e-03
-2.24999999999998757e+00 8.35189309576837434e-04
-2.17499999999998739e+00 1.76965049402742964e-03
-2.09999999999998721e+00 7.41070105231954909e-04
-2.02499999999998703e+00 1.64203612479474543e-03
-1.94999999999998708e+00 1.01996211569284562e-03
-1.87499999999998712e+00 1.42511044605956954e-03
-1.79999999999998717e+00 2.31072448008699197e-03
-1.72499999999998721e+00 1.26832018038331449e-03
-1.64999999999998725e+00 1.08739975533505510e-03
-1.57499999999998730e+00 1.40232786425466271e-03
