-1.00000000000000000e+01 1.28295876835958250e-01
-9.00000000000000000e+00 8.89270386266094448e-02
-8.00000000000000000e+00 1.18560338743824989e-01
-7.00000000000000000e+00 9.41462567309362536e-02
-6.00000000000000000e+00 8.87096774193548432e-02
-5.00000000000000000e+00 1.09197443181818177e-01
-4.00000000000000000e+00 1.90546894333085866e-02
-3.00000000000000000e+00 3.87690816573782416e-03
-2.00000000000000000e+00 8.52618757612667454e-04
-1.00000000000000000e+00 1.46109825885790828e-03
0.00000000000000000e+00 1.70419963481436404e-03
1.00000000000000000e+00 1.11331024245423047e-03
2.00000000000000000e+00 7.64720876879938869e-04
3.00000000000000000e+00 1.57786139094550303e-03
4.00000000000000000e+00 1.83733463988241066e-03
5.00000000000000000e+00 1.44109523237660611e-03
6.00000000000000000e+00 9.61191877928631506e-04
7.00000000000000000e+00 8.43373493975903602e-04
8.00000000000000000e+00 1.08748187530207838e-03
9.00000000000000000e+00 1.01703534197813365e-03
-7.50000000000000000e+00 9.03087336965494453e-02
-7.42499999999999982e+00 9.27906174542945800e-02
-7.34999999999999964e+00 9.76688786795984337e-02
-7.27499999999999947e+00 1.10607117934403351e-01
-7.19999999999999929e+00 9.48471615720524047e-02
-7.12499999999999911e+00 1.22367275892080074e-01
-7.04999999999999893e+00 9.20963364993215711e-02
-6.97499999999999876e+00 1.08782262255326514e-01
-6.89999999999999858e+00 1.07567567567567565e-01
-6.82499999999999840e+00 8.46506884242733265e-02
-6.74999999999999822e+00 1.24573072083408232e-01
-6.67499999999999805e+00 9.42052980132450368e-02
-6.59999999999999787e+00 9.49311966556349029e-02
-6.52499999999999769e+00 1.07853223593964334e-01
-6.44999999999999751e+00 1.06933853520127686e-01
-6.37499999999999734e+00 8.90513374314670231e-02
-6.29999999999999716e+00 9.78023821506458640e-02
-6.22499999999999698e+00 8.92612859097127176e-02
-6.14999999999999680e+00 1.19659666908037657e-01
-6.07499999999999662e+00 9.08018867924528239e-02
-5.99999999999999645e+00 1.11842105263157895e-01
-5.92499999999999627e+00 1.01668129938542587e-01
-5.84999999999999609e+00 1.11437965045855680e-01
-5.77499999999999591e+00 8.50351523267492415e-02
-5.69999999999999574e+00 7.27272727272727237e-02
-5.62499999999999556e+00 9.30766513599434880e-02
-5.54999999999999538e+00 9.01967055813209656e-02
-5.47499999999999520e+00 1.11596991429071188e-01
-5.39999999999999503e+00 1.40304781923279026e-01
-5.32499999999999485e+00 9.64291875107814445e-02
-5.24999999999999467e+00 8.99130434782608734e-02
-5.17499999999999449e+00 1.01872530493042429e-01
-5.09999999999999432e+00 9.63038318073923399e-02
-5.02499999999999414e+00 1.32610939112487114e-01
-4.94999999999999396e+00 1.31881748982120739e-01
-4.87499999999999378e+00 1.05973675329058381e-01
-4.79999999999999361e+00 9.28229665071770293e-02
-4.72499999999999343e+00 1.07338991512730908e-01
-4.64999999999999325e+00 9.30743243243243312e-02
-4.57499999999999307e+00 1.06305711455926044e-01
-4.49999999999999289e+00 8.42597067826647284e-02
-4.42499999999999272e+00 8.49582172701949800e-02
-4.34999999999999254e+00 7.33510795622596828e-02
-4.27499999999999236e+00 6.13390928725701945e-02
-4.19999999999999218e+00 4.47075208913648992e-02
-4.12499999999999201e+00 3.40878469415251961e-02
-4.04999999999999183e+00 2.55141890132777917e-02
-3.97499999999999165e+00 2.30779038633176087e-02
-3.89999999999999147e+00 2.14846262704232599e-02
-3.82499999999999130e+00 1.87640730547910944e-02
-3.74999999999999112e+00 1.10668987813976622e-02
-3.67499999999999094e+00 5.80973129992737834e-03
-3.59999999999999076e+00 1.26736534243236647e-02
-3.52499999999999059e+00 2.89645184648805194e-03
-3.44999999999999041e+00 4.52433357789190551e-03
-3.37499999999999023e+00 3.62183089796428142e-03
-3.29999999999999005e+00 4.09194848958960126e-03
-3.22499999999998987e+00 1.49943771085842806e-03
-3.14999999999998970e+00 6.02046959662853702e-04
-3.07499999999998952e+00 2.19351693882524970e-03
-2.99999999999998934e+00 1.58672037104845608e-03
-2.92499999999998916e+00 1.94245477722471767e-03
-2.84999999999998899e+00 9.88020254415215501e-04
-2.77499999999998881e+00 1.56683138483789319e-03
-2.69999999999998863e+00 1.31910300995323189e-03
-2.62499999999998845e+00 1.33478946729765811e-03
-2.54999999999998828e+00 1.82016745540589738e-03
-2.47499999999998810e+00 1.59060320567722992e-03
-2.39999999999998792e+00 8.56478649210816109e-04
-2.32499999999998774e+00 1.20627261761158014e-03
-2.24999999999998757e+00 6.30358043368633362e-04
-2.17499999999998739e+00 7.35474380975729329e-04
-2.09999999999998721e+00 1.57920310981535467e-03
-2.02499999999998703e+00 2.04918032786885257e-03
-1.94999999999998708e+00 7.43034055727554137e-04
-1.87499999999998712e+00 4.85142510612492431e-04
-1.79999999999998717e+00 9.74540138871969781e-04
-1.72499999999998721e+00 2.06712062256809341e-03
-1.64999999999998725e+00 1.44386957044880275e-03
-1.57499999999998730e+00 1.58904779366825580e-03
