-1.00000000000000000e+01 1.77143710380214189e-02
-9.00000000000000000e+00 1.87238436871569117e-02
-8.00000000000000000e+00 1.77558167947221256e-02
-7.00000000000000000e+00 1.80460316382646466e-02
-6.00000000000000000e+00 1.83917413746264614e-02
-5.00000000000000000e+00 3.47993682576224015e-03
-4.00000000000000000e+00 8.94442441961365467e-04
-3.00000000000000000e+00 4.00298889837745529e-04
-2.00000000000000000e+00 3.46907188984362479e-04
-1.00000000000000000e+00 6.67342907479579351e-04
0.00000000000000000e+00 5.60508194095980317e-04
1.00000000000000000e+00 4.93748081721979786e-04
2.00000000000000000e+00 6.67342907479579351e-04
3.00000000000000000e+00 7.47483915747884382e-04
4.00000000000000000e+00 4.80397128292721961e-04
5.00000000000000000e+00 6.13922699124492817e-04
6.00000000000000000e+00 6.00568538216178006e-04
7.00000000000000000e+00 8.54358563609664955e-04
8.00000000000000000e+00 5.87214733751501364e-04
9.00000000000000000e+00 6.67342907479579351e-04
-8.50000000000000000e+00 1.82810887162492518e-02
-8.42500000000000071e+00 1.77696327971221084e-02
-8.35000000000000142e+00 1.78801743215173045e-02
-8.27500000000000213e+00 1.84747466514521702e-02
-8.20000000000000284e+00 1.73967323454377668e-02
-8.12500000000000355e+00 1.83779084772007981e-02
-8.05000000000000426e+00 1.82949189835250672e-02
-7.97500000000000409e+00 1.82534293087056911e-02
-7.90000000000000391e+00 1.83779084772007981e-02
-7.82500000000000373e+00 1.75071928776939362e-02
-7.75000000000000355e+00 1.74657673673782356e-02
-7.67500000000000338e+00 1.80322081307878225e-02
-7.60000000000000320e+00 1.79354540887676009e-02
-7.52500000000000302e+00 1.82672588246478966e-02
-7.45000000000000284e+00 1.83502438096790413e-02
-7.37500000000000266e+00 1.81289805673624030e-02
-7.30000000000000249e+00 1.82672588246478966e-02
-7.22500000000000231e+00 1.77834491746307576e-02
-7.15000000000000213e+00 1.87376859841021821e-02
-7.07500000000000195e+00 1.80045622420160756e-02
-7.00000000000000178e+00 1.81013294224684623e-02
-6.92500000000000160e+00 1.77558167947221256e-02
-6.85000000000000142e+00 1.81289805673624030e-02
-6.77500000000000124e+00 1.82534293087056911e-02
-6.70000000000000107e+00 1.76867424088175823e-02
-6.62500000000000089e+00 1.82534293087056911e-02
-6.55000000000000071e+00 1.77143710380214189e-02
-6.47500000000000053e+00 1.75624321389793690e-02
-6.40000000000000036e+00 1.77558167947221256e-02
-6.32500000000000018e+00 1.79354540887676009e-02
-6.25000000000000000e+00 1.71482838149504824e-02
-6.17499999999999982e+00 1.77834491746307576e-02
-6.09999999999999964e+00 1.71344846766425633e-02
-6.02499999999999947e+00 1.77143710380214189e-02
-5.94999999999999929e+00 1.82810887162492518e-02
-5.87499999999999911e+00 1.77972659272633491e-02
-5.79999999999999893e+00 1.73000990515475121e-02
-5.72499999999999876e+00 1.71068875232319936e-02
-5.64999999999999858e+00 1.71344846766425633e-02
-5.57499999999999840e+00 1.70103092783505140e-02
-5.49999999999999822e+00 1.61832474925454051e-02
-5.42499999999999805e+00 1.39980253993156525e-02
-5.34999999999999787e+00 1.18631486605034076e-02
-5.27499999999999769e+00 9.45174493752692739e-03
-5.19999999999999751e+00 7.70150938831467343e-03
-5.12499999999999734e+00 5.70094836952876605e-03
-5.04999999999999716e+00 3.88302715441058311e-03
-4.97499999999999698e+00 3.23823797034737465e-03
-4.89999999999999680e+00 2.19222029140489234e-03
-4.82499999999999662e+00 1.87080738701659666e-03
-4.74999999999999645e+00 1.25534188034188044e-03
-4.67499999999999627e+00 1.41582518566009505e-03
-4.59999999999999609e+00 7.34126189618120885e-04
-4.52499999999999591e+00 8.00918386416424213e-04
-4.44999999999999574e+00 8.54358563609664955e-04
-4.37499999999999556e+00 7.34126189618120885e-04
-4.29999999999999538e+00 9.21166811294306105e-04
-4.22499999999999520e+00 6.40632090329124743e-04
-4.14999999999999503e+00 8.40997984274672629e-04
-4.07499999999999485e+00 7.74200437823695871e-04
-3.99999999999999467e+00 7.20768820074746386e-04
-3.92499999999999449e+00 6.00568538216178006e-04
-3.84999999999999432e+00 5.87214733751501364e-04
-3.77499999999999414e+00 5.60508194095980317e-04
-3.69999999999999396e+00 6.00568538216178006e-04
-3.62499999999999378e+00 6.00568538216178006e-04
-3.54999999999999361e+00 5.20451057583238858e-04
-3.47499999999999343e+00 6.80698850820175361e-04
-3.39999999999999325e+00 7.20768820074746386e-04
-3.32499999999999307e+00 4.40346405839260244e-04
-3.24999999999999289e+00 6.00568538216178006e-04
-3.17499999999999272e+00 4.93748081721979786e-04
-3.09999999999999254e+00 6.27277216490717583e-04
-3.02499999999999236e+00 6.67342907479579351e-04
-2.94999999999999218e+00 5.60508194095980317e-04
-2.87499999999999201e+00 7.87559233798304785e-04
-2.79999999999999183e+00 6.13922699124492817e-04
-2.72499999999999165e+00 6.40632090329124743e-04
-2.64999999999999147e+00 6.27277216490717583e-04
-2.57499999999999130e+00 6.13922699124492817e-04
