-1.00000000000000000e+01 4.87436495949471402e-02
-9.00000000000000000e+00 5.22347134631203705e-02
-8.00000000000000000e+00 5.27686403508771940e-02
-7.00000000000000000e+00 4.82154882154882183e-02
-6.00000000000000000e+00 5.34877309070857440e-02
-5.00000000000000000e+00 4.80422462648119539e-02
-4.00000000000000000e+00 2.95296350980805717e-03
-3.00000000000000000e+00 4.16449765747006762e-04
-2.00000000000000000e+00 3.16722972972972991e-04
-1.00000000000000000e+00 4.17405822811228202e-04
0.00000000000000000e+00 3.20581320795041693e-04
1.00000000000000000e+00 9.47069346522150853e-04
2.00000000000000000e+00 1.05485232067510540e-03
3.00000000000000000e+00 4.17362270450751264e-04
4.00000000000000000e+00 1.04373238701596912e-04
5.00000000000000000e+00 9.42902042954426385e-04
6.00000000000000000e+00 7.37851797196163121e-04
7.00000000000000000e+00 4.16883793642522143e-04
8.00000000000000000e+00 7.33983432945370644e-04
9.00000000000000000e+00 3.18369945877109209e-04
-7.50000000000000000e+00 4.67392802978078004e-02
-7.42499999999999982e+00 4.60361613351877585e-02
-7.34999999999999964e+00 5.26976160602258478e-02
-7.27499999999999947e+00 5.23646333104866371e-02
-7.19999999999999929e+00 4.98298162014976162e-02
-7.12499999999999911e+00 4.77086413116516589e-02
-7.04999999999999893e+00 4.67836257309941494e-02
-6.97499999999999876e+00 5.61645689538503162e-02
-6.89999999999999858e+00 5.61287659925711960e-02
-6.82499999999999840e+00 5.40034754711936904e-02
-6.74999999999999822e+00 4.94270329973767741e-02
-6.67499999999999805e+00 5.77027027027027031e-02
-6.59999999999999787e+00 4.52232899943470906e-02
-6.52499999999999769e+00 5.62243502051983576e-02
-6.44999999999999751e+00 4.75748741054863519e-02
-6.37499999999999734e+00 5.13817525343702244e-02
-6.29999999999999716e+00 5.39803707742639027e-02
-6.22499999999999698e+00 5.04401285454799467e-02
-6.14999999999999680e+00 5.00274122807017538e-02
-6.07499999999999662e+00 4.14118954974986089e-02
-5.99999999999999645e+00 4.88983653162757617e-02
-5.92499999999999627e+00 4.55226931988551159e-02
-5.84999999999999609e+00 5.88477366255144019e-02
-5.77499999999999591e+00 5.22357445644742249e-02
-5.69999999999999574e+00 5.62070359886777185e-02
-5.62499999999999556e+00 4.79250334672021439e-02
-5.54999999999999538e+00 5.09026740871453762e-02
-5.47499999999999520e+00 5.24873235576264197e-02
-5.39999999999999503e+00 4.60660415817366470e-02
-5.32499999999999485e+00 5.12450851900393203e-02
-5.24999999999999467e+00 4.85252140818268340e-02
-5.17499999999999449e+00 5.17557651991614256e-02
-5.09999999999999432e+00 5.17970401691331891e-02
-5.02499999999999414e+00 4.41515229076017424e-02
-4.94999999999999396e+00 5.47855648535564843e-02
-4.87499999999999378e+00 5.00991407799074653e-02
-4.79999999999999361e+00 5.27291997880233176e-02
-4.72499999999999343e+00 4.32120993878285925e-02
-4.64999999999999325e+00 3.91777509068923849e-02
-4.57499999999999307e+00 4.31096250298543121e-02
-4.49999999999999289e+00 2.43957533318274224e-02
-4.42499999999999272e+00 2.37821691176470576e-02
-4.34999999999999254e+00 1.40293637846655786e-02
-4.27499999999999236e+00 1.25947272921336315e-02
-4.19999999999999218e+00 5.99495161968868328e-03
-4.12499999999999201e+00 4.41361916771752880e-03
-4.04999999999999183e+00 3.91203214210192416e-03
-3.97499999999999165e+00 2.32337100010560765e-03
-3.89999999999999147e+00 9.50570342205323189e-04
-3.82499999999999130e+00 1.51449588922544353e-03
-3.74999999999999112e+00 1.06439595529536982e-03
-3.67499999999999094e+00 2.30922640915293392e-03
-3.59999999999999076e+00 6.36132315521628546e-04
-3.52499999999999059e+00 5.21485189820609127e-04
-3.44999999999999041e+00 8.28843762950683756e-04
-3.37499999999999023e+00 5.30898279889573132e-04
-3.29999999999999005e+00 8.39806844425782027e-04
-3.22499999999998987e+00 1.14882506527415134e-03
-3.14999999999998970e+00 6.24154790388016241e-04
-3.07499999999998952e+00 5.26205009471690218e-04
-2.99999999999998934e+00 5.19642485969652929e-04
-2.92499999999998916e+00 6.34316523945448771e-04
-2.84999999999998899e+00 8.35421888053466954e-04
-2.77499999999998881e+00 8.36120401337792627e-04
-2.69999999999998863e+00 4.24673532222104256e-04
-2.62499999999998845e+00 4.19155401865241545e-04
-2.54999999999998828e+00 3.11915159076731128e-04
-2.47499999999998810e+00 2.08724692131079096e-04
-2.39999999999998792e+00 2.09489892112705553e-04
-2.32499999999998774e+00 6.27090301003344498e-04
-2.24999999999998757e+00 5.34702170890813833e-04
-2.17499999999998739e+00 4.17667327973269295e-04
-2.09999999999998721e+00 5.24218913818410605e-04
-2.02499999999998703e+00 7.57329871253921926e-04
-1.94999999999998708e+00 7.37307773330524488e-04
-1.87499999999998712e+00 7.33598826241877995e-04
-1.79999999999998717e+00 4.21629598397807513e-04
-1.72499999999998721e+00 3.12500000000000007e-04
-1.64999999999998725e+00 6.31113916061849193e-04
-1.57499999999998730e+00 1.27578141611737182e-03
