-1.00000000000000000e+01 1.51078320090805903e-02
-9.00000000000000000e+00 1.50732665175987192e-02
-8.00000000000000000e+00 1.53613842276164314e-02
-7.00000000000000000e+00 1.54190273977268862e-02
-6.00000000000000000e+00 1.45895966872766469e-02
-5.00000000000000000e+00 2.69085445840948085e-03
-4.00000000000000000e+00 6.15377730039384156e-04
-3.00000000000000000e+00 6.37769373643341472e-04
-2.00000000000000000e+00 4.47472340615945687e-04
-1.00000000000000000e+00 7.38544172774576162e-04
0.00000000000000000e+00 5.81792143568399711e-04
1.00000000000000000e+00 6.37769373643341472e-04
2.00000000000000000e+00 4.36280651512439583e-04
3.00000000000000000e+00 4.92241601127680760e-04
4.00000000000000000e+00 4.13898024475915598e-04
5.00000000000000000e+00 4.92241601127680760e-04
6.00000000000000000e+00 5.92987088545279622e-04
7.00000000000000000e+00 6.60162019424428265e-04
8.00000000000000000e+00 5.25821176049404864e-04
9.00000000000000000e+00 6.37769373643341472e-04
-8.50000000000000000e+00 1.59381106011723533e-02
-8.42500000000000071e+00 1.58111745930780666e-02
-8.35000000000000142e+00 1.42098936242600199e-02
-8.27500000000000213e+00 1.56727351194194259e-02
-8.20000000000000284e+00 1.62844610104775113e-02
-8.12500000000000355e+00 1.51308769779109620e-02
-8.05000000000000426e+00 1.50847880865360613e-02
-7.97500000000000409e+00 1.55919961843330526e-02
-7.90000000000000391e+00 1.53383287920072654e-02
-7.82500000000000373e+00 1.56612001998818889e-02
-7.75000000000000355e+00 1.59381106011723533e-02
-7.67500000000000338e+00 1.49004743639211054e-02
-7.60000000000000320e+00 1.48774398547435321e-02
-7.52500000000000302e+00 1.56496655423438158e-02
-7.45000000000000284e+00 1.57650239087718490e-02
-7.37500000000000266e+00 1.59150289673974793e-02
-7.30000000000000249e+00 1.53844407102956531e-02
-7.22500000000000231e+00 1.51078320090805903e-02
-7.15000000000000213e+00 1.49811033809626494e-02
-7.07500000000000195e+00 1.47277410277648554e-02
-7.00000000000000178e+00 1.55573977129489782e-02
-6.92500000000000160e+00 1.52922210617138180e-02
-6.85000000000000142e+00 1.50156625959050258e-02
-6.77500000000000124e+00 1.54766771131398459e-02
-6.70000000000000107e+00 1.59727350184606653e-02
-6.62500000000000089e+00 1.50963099170270485e-02
-6.55000000000000071e+00 1.55228015988372100e-02
-6.47500000000000053e+00 1.47622829910359701e-02
-6.40000000000000036e+00 1.59381106011723533e-02
-6.32500000000000018e+00 1.59727350184606653e-02
-6.25000000000000000e+00 1.57188774177427978e-02
-6.17499999999999982e+00 1.53613842276164314e-02
-6.09999999999999964e+00 1.49811033809626494e-02
-6.02499999999999947e+00 1.50041425961025543e-02
-5.94999999999999929e+00 1.50387033800195215e-02
-5.87499999999999911e+00 1.50271828572077128e-02
-5.79999999999999893e+00 1.45665762873381961e-02
-5.72499999999999876e+00 1.51308769779109620e-02
-5.64999999999999858e+00 1.42789094043460508e-02
-5.57499999999999840e+00 1.40948881934049985e-02
-5.49999999999999822e+00 1.23270924362138060e-02
-5.42499999999999805e+00 1.10910118711136235e-02
-5.34999999999999787e+00 8.04806294171353867e-03
-5.27499999999999769e+00 7.69594807770315921e-03
-5.19999999999999751e+00 5.24931432939166383e-03
-5.12499999999999734e+00 3.32080551971728269e-03
-5.04999999999999716e+00 3.10698342194405197e-03
-4.97499999999999698e+00 2.10660780117208086e-03
-4.89999999999999680e+00 1.85963143449280224e-03
-4.82499999999999662e+00 1.42210875212756428e-03
-4.74999999999999645e+00 9.51357643319230900e-04
-4.67499999999999627e+00 9.06547285954112988e-04
-4.59999999999999609e+00 9.62560859589232801e-04
-4.52499999999999591e+00 1.04099039602408819e-03
-4.44999999999999574e+00 7.27345970503323440e-04
-4.37499999999999556e+00 5.81792143568399711e-04
-4.29999999999999538e+00 6.48965571257538606e-04
-4.22499999999999520e+00 4.58664280120818859e-04
-4.14999999999999503e+00 5.48208811617551602e-04
-4.07499999999999485e+00 6.15377730039384156e-04
-3.99999999999999467e+00 4.92241601127680760e-04
-3.92499999999999449e+00 5.92987088545279622e-04
-3.84999999999999432e+00 5.14627733959836624e-04
-3.77499999999999414e+00 5.59403005112943472e-04
-3.69999999999999396e+00 5.92987088545279622e-04
-3.62499999999999378e+00 5.25821176049404864e-04
-3.54999999999999361e+00 5.25821176049404864e-04
-3.47499999999999343e+00 6.04182284032804854e-04
-3.39999999999999325e+00 6.71358718152420824e-04
-3.32499999999999307e+00 5.25821176049404864e-04
-3.24999999999999289e+00 5.25821176049404864e-04
-3.17499999999999272e+00 6.82555667449927304e-04
-3.09999999999999254e+00 6.71358718152420824e-04
-3.02499999999999236e+00 4.13898024475915598e-04
-2.94999999999999218e+00 6.15377730039384156e-04
-2.87499999999999201e+00 6.48965571257538606e-04
-2.79999999999999183e+00 4.92241601127680760e-04
-2.72499999999999165e+00 7.27345970503323440e-04
-2.64999999999999147e+00 5.14627733959836624e-04
-2.57499999999999130e+00 5.81792143568399711e-04
