-1.00000000000000000e+01 1.59358776483794012e-01
-9.00000000000000000e+00 1.68333981406200289e-01
-8.00000000000000000e+00 1.68292682926829279e-01
-7.00000000000000000e+00 1.71398192450824022e-01
-6.00000000000000000e+00 1.58870967741935487e-01
-5.00000000000000000e+00 1.58789706191711649e-01
-4.00000000000000000e+00 9.14044183205098559e-02
-3.00000000000000000e+00 4.80345362235126000e-03
-2.00000000000000000e+00 2.48718493129909896e-03
-1.00000000000000000e+00 3.12613815709603029e-03
0.00000000000000000e+00 2.60882754436523581e-03
1.00000000000000000e+00 2.70007887870881607e-03
2.00000000000000000e+00 3.09569334425930992e-03
3.00000000000000000e+00 3.00436999271667862e-03
4.00000000000000000e+00 2.39597234016741475e-03
5.00000000000000000e+00 2.82177316584744219e-03
6.00000000000000000e+00 3.88785955107371749e-03
7.00000000000000000e+00 2.42637469291195288e-03
8.00000000000000000e+00 2.85220135327851447e-03
9.00000000000000000e+00 3.12613815709603029e-03
-8.00000000000000000e+00 1.53411272029314261e-01
-7.90000000000000036e+00 1.68995154387578256e-01
-7.80000000000000071e+00 1.56316691739845359e-01
-7.70000000000000107e+00 1.64177527298344478e-01
-7.60000000000000142e+00 1.60376364849208308e-01
-7.50000000000000178e+00 1.65737866817155743e-01
-7.40000000000000213e+00 1.65409026798307462e-01
-7.30000000000000249e+00 1.74269878490726920e-01
-7.20000000000000284e+00 1.58058864751226352e-01
-7.10000000000000320e+00 1.51001218875152360e-01
-7.00000000000000355e+00 1.64095519864750627e-01
-6.90000000000000391e+00 1.65450121654501209e-01
-6.80000000000000426e+00 1.62049082343013851e-01
-6.70000000000000462e+00 1.49240237838589668e-01
-6.60000000000000497e+00 1.64834002960456749e-01
-6.50000000000000533e+00 1.60865442028730987e-01
-6.40000000000000568e+00 1.61436553396352378e-01
-6.30000000000000604e+00 1.60906217070600627e-01
-6.20000000000000639e+00 1.64259546287163577e-01
-6.10000000000000675e+00 1.62498681017199526e-01
-6.00000000000000711e+00 1.61232520553720754e-01
-5.90000000000000746e+00 1.63317025095913559e-01
-5.80000000000000782e+00 1.56599944008958575e-01
-5.70000000000000817e+00 1.53894494291799050e-01
-5.60000000000000853e+00 1.64300560115545835e-01
-5.50000000000000888e+00 1.62539570875835399e-01
-5.40000000000000924e+00 1.65696751666490311e-01
-5.30000000000000959e+00 1.55629370629370628e-01
-5.20000000000000995e+00 1.51964030532222655e-01
-5.10000000000001030e+00 1.55023589026734243e-01
-5.00000000000001066e+00 1.52204985183894026e-01
-4.90000000000001101e+00 1.49959987474339806e-01
-4.80000000000001137e+00 1.50720701900981829e-01
-4.70000000000001172e+00 1.43870699799266283e-01
-4.60000000000001208e+00 1.42210395355266805e-01
-4.50000000000001243e+00 1.38355032031411446e-01
-4.40000000000001279e+00 1.24068972553821044e-01
-4.30000000000001315e+00 1.11892346509671989e-01
-4.20000000000001350e+00 1.01149425287356320e-01
-4.10000000000001386e+00 1.02913204524977472e-01
-4.00000000000001421e+00 9.29563492063492092e-02
-3.90000000000001412e+00 8.34262112371336739e-02
-3.80000000000001403e+00 7.88992622576222546e-02
-3.70000000000001394e+00 6.32117351862574728e-02
-3.60000000000001386e+00 4.40649121740716021e-03
-3.50000000000001377e+00 3.61350661970120252e-03
-3.40000000000001368e+00 3.46115311048365067e-03
-3.30000000000001359e+00 4.16236252050799019e-03
-3.20000000000001350e+00 3.06525037936267088e-03
-3.10000000000001341e+00 4.34544791540051028e-03
-3.00000000000001332e+00 2.66965992173042507e-03
-2.90000000000001323e+00 3.55255966478411388e-03
-2.80000000000001315e+00 2.66965992173042507e-03
-2.70000000000001306e+00 3.36976320582877981e-03
-2.60000000000001297e+00 3.15658481804109627e-03
-2.50000000000001288e+00 2.82177316584744219e-03
-2.40000000000001279e+00 3.06525037936267088e-03
-2.30000000000001270e+00 2.70007887870881607e-03
-2.20000000000001261e+00 3.24793589120932506e-03
-2.10000000000001252e+00 2.24398823422385313e-03
-2.00000000000001243e+00 2.82177316584744219e-03
-1.90000000000001235e+00 2.73049968144170379e-03
-1.80000000000001226e+00 3.18703332726279383e-03
-1.70000000000001217e+00 2.88263138730428465e-03
-1.60000000000001208e+00 3.21748368492942799e-03
-1.50000000000001199e+00 3.58303221692527233e-03
-1.40000000000001190e+00 2.73049968144170379e-03
-1.30000000000001181e+00 3.18703332726279383e-03
-1.20000000000001172e+00 3.21748368492942799e-03
-1.10000000000001164e+00 2.97393257063089875e-03
-1.00000000000001155e+00 2.82177316584744219e-03
-9.00000000000011569e-01 3.12613815709603029e-03
-8.00000000000011591e-01 2.94349699581234435e-03
-7.00000000000011613e-01 3.12613815709603029e-03
-6.00000000000011635e-01 2.63924281033855101e-03
-5.00000000000011657e-01 2.97393257063089875e-03
-4.00000000000011680e-01 3.30884585028231454e-03
-3.00000000000011702e-01 2.54800254800254802e-03
-2.00000000000011696e-01 2.48718493129909896e-03
-1.00000000000011691e-01 2.63924281033855101e-03
-1.16850973341797726e-14 2.97393257063089875e-03
