-1.00000000000000000e+01 4.35038398100580995e-02
-9.00000000000000000e+00 4.40640388837962860e-02
-8.00000000000000000e+00 4.04228855721393068e-02
-7.00000000000000000e+00 4.62237206605536077e-02
-6.00000000000000000e+00 4.52601950926045313e-02
-5.00000000000000000e+00 2.36245323827824032e-02
-4.00000000000000000e+00 3.57975574451118578e-03
-3.00000000000000000e+00 2.11796816844493294e-03
-2.00000000000000000e+00 2.31728269967839979e-03
-1.00000000000000000e+00 3.75564660153377469e-03
0.00000000000000000e+00 2.57871277038822493e-03
1.00000000000000000e+00 2.51387333156621135e-03
2.00000000000000000e+00 2.24079828438881372e-03
3.00000000000000000e+00 2.75555084521223034e-03
4.00000000000000000e+00 2.04355436298856493e-03
5.00000000000000000e+00 2.18992112794025263e-03
6.00000000000000000e+00 1.93433801677598606e-03
7.00000000000000000e+00 2.35072050894409839e-03
8.00000000000000000e+00 2.17096094057106113e-03
9.00000000000000000e+00 1.91111972240325502e-03
-9.00000000000000000e+00 4.17156100193656967e-02
-8.90000000000000036e+00 4.43894319006359617e-02
-8.80000000000000071e+00 4.67775241821541121e-02
-8.70000000000000107e+00 4.42086087103880712e-02
-8.60000000000000142e+00 4.48144081753304308e-02
-8.50000000000000178e+00 4.46578265508306635e-02
-8.40000000000000213e+00 4.23909206627659449e-02
-8.30000000000000249e+00 4.52403693091372183e-02
-8.20000000000000284e+00 4.64636478906535408e-02
-8.10000000000000320e+00 4.40557587321778743e-02
-8.00000000000000355e+00 4.80106885109458648e-02
-7.90000000000000391e+00 5.08680024875359724e-02
-7.80000000000000426e+00 4.68602252213530454e-02
-7.70000000000000462e+00 4.45510839157175625e-02
-7.60000000000000497e+00 4.99158046668270391e-02
-7.50000000000000533e+00 4.14710567681903994e-02
-7.40000000000000568e+00 4.77195548821900614e-02
-7.30000000000000604e+00 4.43323429450868875e-02
-7.20000000000000639e+00 4.32001512477943050e-02
-7.10000000000000675e+00 5.07015061265234032e-02
-7.00000000000000711e+00 4.97127993930855105e-02
-6.90000000000000746e+00 5.44023231017037590e-02
-6.80000000000000782e+00 4.71877481091471304e-02
-6.70000000000000817e+00 4.69898921404505107e-02
-6.60000000000000853e+00 4.46195658105851406e-02
-6.50000000000000888e+00 4.69460303781105218e-02
-6.40000000000000924e+00 4.70424899909595781e-02
-6.30000000000000959e+00 4.48108489423755252e-02
-6.20000000000000995e+00 4.76973160981092881e-02
-6.10000000000001030e+00 5.04262712716627357e-02
-6.00000000000001066e+00 4.50193670978586563e-02
-5.90000000000001101e+00 4.33824720557265536e-02
-5.80000000000001137e+00 4.69390806561859192e-02
-5.70000000000001172e+00 4.80955387205387191e-02
-5.60000000000001208e+00 4.21841520010561299e-02
-5.50000000000001243e+00 4.22920356732233299e-02
-5.40000000000001279e+00 3.95482615683952279e-02
-5.30000000000001315e+00 3.21533776024764059e-02
-5.20000000000001350e+00 3.31702276980661293e-02
-5.10000000000001386e+00 2.72175064247332753e-02
-5.00000000000001421e+00 2.38055540117453092e-02
-4.90000000000001457e+00 2.29788246926238872e-02
-4.80000000000001492e+00 1.94318771786694371e-02
-4.70000000000001528e+00 1.73002754820936640e-02
-4.60000000000001563e+00 1.54343724732728411e-02
-4.50000000000001599e+00 8.62114008046397338e-03
-4.40000000000001634e+00 8.59988863453566704e-03
-4.30000000000001670e+00 9.04160716319575217e-03
-4.20000000000001705e+00 8.38407984505592369e-03
-4.10000000000001741e+00 7.08708925049753719e-03
-4.00000000000001776e+00 5.44603552972700196e-03
-3.90000000000001767e+00 3.87462209403342936e-03
-3.80000000000001759e+00 5.90438304125004507e-03
-3.70000000000001750e+00 6.66356052148075247e-03
-3.60000000000001741e+00 8.98574494442796502e-03
-3.50000000000001732e+00 2.41645954156310397e-03
-3.40000000000001723e+00 4.66704308854148323e-03
-3.30000000000001714e+00 2.57670761843621123e-03
-3.20000000000001705e+00 3.43549958252156989e-03
-3.10000000000001696e+00 1.64162031417818574e-03
-3.00000000000001688e+00 2.29452931261196844e-03
-2.90000000000001679e+00 2.40477444268913463e-03
-2.80000000000001670e+00 2.34309046741209117e-03
-2.70000000000001661e+00 1.84328530157210958e-03
-2.60000000000001652e+00 1.77075235380495821e-03
-2.50000000000001643e+00 2.06985319696653463e-03
-2.40000000000001634e+00 2.02545290170033730e-03
-2.30000000000001625e+00 1.87840187315982138e-03
-2.20000000000001616e+00 2.94218994354176035e-03
-2.10000000000001608e+00 2.25523318588694227e-03
-2.00000000000001599e+00 2.06214764269088127e-03
-1.90000000000001590e+00 2.71582366671695987e-03
-1.80000000000001581e+00 2.36139808657302112e-03
-1.70000000000001572e+00 1.80737762730991667e-03
-1.60000000000001563e+00 2.44696082259534056e-03
-1.50000000000001554e+00 2.69155480984340032e-03
-1.40000000000001545e+00 2.21301357785223069e-03
-1.30000000000001537e+00 1.93440840085934082e-03
-1.20000000000001528e+00 2.41078372072928366e-03
-1.10000000000001519e+00 2.47580061314051298e-03
-1.00000000000001510e+00 1.86213196542758764e-03
