-1.00000000000000000e+01 1.33674974014358575e-02
-9.00000000000000000e+00 1.23845364351693465e-02
-8.00000000000000000e+00 1.32042182603301465e-02
-7.00000000000000000e+00 1.33021794303669980e-02
-6.00000000000000000e+00 1.25720082605702693e-02
-5.00000000000000000e+00 2.56288637604677782e-03
-4.00000000000000000e+00 7.75850750187994645e-04
-3.00000000000000000e+00 7.04183326371068778e-04
-2.00000000000000000e+00 6.84277530235518749e-04
-1.00000000000000000e+00 6.16603746563925879e-04
0.00000000000000000e+00 7.36034247474606773e-04
1.00000000000000000e+00 6.68353463503126941e-04
2.00000000000000000e+00 6.56410746040649680e-04
3.00000000000000000e+00 6.56410746040649680e-04
4.00000000000000000e+00 7.63905466698496091e-04
5.00000000000000000e+00 6.24564893088015954e-04
6.00000000000000000e+00 9.07267691719988592e-04
7.00000000000000000e+00 5.29039494986058029e-04
8.00000000000000000e+00 7.43997294555292523e-04
9.00000000000000000e+00 7.36034247474606773e-04
-8.50000000000000000e+00 1.29553188490425467e-02
-8.42500000000000071e+00 1.23886111714844593e-02
-8.35000000000000142e+00 1.26780013124891799e-02
-8.27500000000000213e+00 1.36125148093522563e-02
-8.20000000000000284e+00 1.37105549510337325e-02
-8.12500000000000355e+00 1.25557036064940248e-02
-8.05000000000000426e+00 1.23723124230252189e-02
-7.97500000000000409e+00 1.24212102428696777e-02
-7.90000000000000391e+00 1.36656175319677126e-02
-7.82500000000000373e+00 1.21564035394811504e-02
-7.75000000000000355e+00 1.29063694241866572e-02
-7.67500000000000338e+00 1.38903444773183487e-02
-7.60000000000000320e+00 1.30328317814221734e-02
-7.52500000000000302e+00 1.30899541650220316e-02
-7.45000000000000284e+00 1.26168487668982844e-02
-7.37500000000000266e+00 1.33756627399158785e-02
-7.30000000000000249e+00 1.28900540005073873e-02
-7.22500000000000231e+00 1.25312476098849122e-02
-7.15000000000000213e+00 1.30450717499083751e-02
-7.07500000000000195e+00 1.38617373323713291e-02
-7.00000000000000178e+00 1.36451927494297704e-02
-6.92500000000000160e+00 1.28492677407274682e-02
-6.85000000000000142e+00 1.26983871357366600e-02
-6.77500000000000124e+00 1.29634775464836718e-02
-6.70000000000000107e+00 1.37922695578574020e-02
-6.62500000000000089e+00 1.38494776215658463e-02
-6.55000000000000071e+00 1.26616932448155497e-02
-6.47500000000000053e+00 1.24130602782071102e-02
-6.40000000000000036e+00 1.32368698790715656e-02
-6.32500000000000018e+00 1.28247975614764823e-02
-6.25000000000000000e+00 1.34246575342465754e-02
-6.17499999999999982e+00 1.31715687459216472e-02
-6.09999999999999964e+00 1.30165122835279902e-02
-6.02499999999999947e+00 1.17452094026032541e-02
-5.94999999999999929e+00 1.14116142729619539e-02
-5.87499999999999911e+00 1.19650142019166548e-02
-5.79999999999999893e+00 1.08710067637354472e-02
-5.72499999999999876e+00 8.25339816332829566e-03
-5.64999999999999858e+00 7.61524009437930353e-03
-5.57499999999999840e+00 7.30856563892882428e-03
-5.49999999999999822e+00 6.22862286228622903e-03
-5.42499999999999805e+00 5.48448992644707395e-03
-5.34999999999999787e+00 3.99952101544725179e-03
-5.27499999999999769e+00 4.21196357350175823e-03
-5.19999999999999751e+00 3.54687743124683331e-03
-5.12499999999999734e+00 3.04264083678604594e-03
-5.04999999999999716e+00 1.94787347187533604e-03
-4.97499999999999698e+00 2.67878497966993548e-03
-4.89999999999999680e+00 1.85209525744124085e-03
-4.82499999999999662e+00 1.65261611121509094e-03
-4.74999999999999645e+00 1.28976784178847816e-03
-4.67499999999999627e+00 1.14629603094999278e-03
-4.59999999999999609e+00 8.19652562806872319e-04
-4.52499999999999591e+00 1.67256045111344740e-03
-4.44999999999999574e+00 9.31165389298760837e-04
-4.37499999999999556e+00 1.22201214051149368e-03
-4.29999999999999538e+00 1.10246562257467515e-03
-4.22499999999999520e+00 9.15233464118868877e-04
-4.14999999999999503e+00 8.79388486775350108e-04
-4.07499999999999485e+00 7.63905466698496091e-04
-3.99999999999999467e+00 7.71868957340314651e-04
-3.92499999999999449e+00 7.16127184187911772e-04
-3.84999999999999432e+00 9.35148449842218609e-04
-3.77499999999999414e+00 5.92721067057040414e-04
-3.69999999999999396e+00 6.44468313641245933e-04
-3.62499999999999378e+00 8.43546076714945083e-04
-3.54999999999999361e+00 8.03724187323439331e-04
-3.47499999999999343e+00 6.56410746040649680e-04
-3.39999999999999325e+00 5.88740731311459772e-04
-3.32499999999999307e+00 7.40015755174142412e-04
-3.24999999999999289e+00 5.92721067057040414e-04
-3.17499999999999272e+00 6.52429903567677653e-04
-3.09999999999999254e+00 6.24564893088015954e-04
-3.02499999999999236e+00 5.33019355762575676e-04
-2.94999999999999218e+00 6.56410746040649680e-04
-2.87499999999999201e+00 6.80296466038884289e-04
-2.79999999999999183e+00 6.28545513855848273e-04
-2.72499999999999165e+00 6.40487566187030333e-04
-2.64999999999999147e+00 7.55942102792211382e-04
-2.57499999999999130e+00 6.52429903567677653e-04
