-1.00000000000000000e+01 1.72875077176373737e-02
-9.00000000000000000e+00 1.79028791330424590e-02
-8.00000000000000000e+00 1.80994310136196289e-02
-7.00000000000000000e+00 1.79814907775675444e-02
-6.00000000000000000e+00 1.79290816654868387e-02
-5.00000000000000000e+00 3.70577186659221298e-03
-4.00000000000000000e+00 6.19947114715520210e-04
-3.00000000000000000e+00 4.93364874950979766e-04
-2.00000000000000000e+00 5.18678760737282911e-04
-1.00000000000000000e+00 6.32607100382094655e-04
0.00000000000000000e+00 7.71888088881015374e-04
1.00000000000000000e+00 5.69310375365307477e-04
2.00000000000000000e+00 6.19947114715520210e-04
3.00000000000000000e+00 5.56651991295987049e-04
4.00000000000000000e+00 5.69310375365307477e-04
5.00000000000000000e+00 5.81969079729763913e-04
6.00000000000000000e+00 8.73207709538212340e-04
7.00000000000000000e+00 5.81969079729763913e-04
8.00000000000000000e+00 5.94628104401513191e-04
9.00000000000000000e+00 7.21235970695043743e-04
-8.50000000000000000e+00 1.77980824914741667e-02
-8.42500000000000071e+00 1.80208011533312742e-02
-8.35000000000000142e+00 1.73005929794322333e-02
-8.27500000000000213e+00 1.82436173089055124e-02
-8.20000000000000284e+00 1.83485057234461721e-02
-8.12500000000000355e+00 1.80208011533312742e-02
-8.05000000000000426e+00 1.82042897237170744e-02
-7.97500000000000409e+00 1.84271862163101832e-02
-7.90000000000000391e+00 1.81649651763070158e-02
-7.82500000000000373e+00 1.81387504988478228e-02
-7.75000000000000355e+00 1.85189954925949786e-02
-7.67500000000000338e+00 1.80994310136196289e-02
-7.60000000000000320e+00 1.82829479322243402e-02
-7.52500000000000302e+00 1.73529373930716886e-02
-7.45000000000000284e+00 1.92277952471776904e-02
-7.37500000000000266e+00 1.77064031295038095e-02
-7.30000000000000249e+00 1.88732720971876884e-02
-7.22500000000000231e+00 1.79945938988286779e-02
-7.15000000000000213e+00 1.86108213232358370e-02
-7.07500000000000195e+00 1.81780730212678307e-02
-7.00000000000000178e+00 1.82305077762900392e-02
-6.92500000000000160e+00 1.86895423573811455e-02
-6.85000000000000142e+00 1.82829479322243402e-02
-6.77500000000000124e+00 1.84534157491468669e-02
-6.70000000000000107e+00 1.84534157491468669e-02
-6.62500000000000089e+00 1.75100029590747087e-02
-6.55000000000000071e+00 1.74707320210986741e-02
-6.47500000000000053e+00 1.83616182946614824e-02
-6.40000000000000036e+00 1.79552855469604714e-02
-6.32500000000000018e+00 1.79552855469604714e-02
-6.25000000000000000e+00 1.77064031295038095e-02
-6.17499999999999982e+00 1.77064031295038095e-02
-6.09999999999999964e+00 1.77587893138415609e-02
-6.02499999999999947e+00 1.80470097572278144e-02
-5.94999999999999929e+00 1.84140719565273371e-02
-5.87499999999999911e+00 1.76933074260419744e-02
-5.79999999999999893e+00 1.81649651763070158e-02
-5.72499999999999876e+00 1.83616182946614824e-02
-5.64999999999999858e+00 1.74445530798126892e-02
-5.57499999999999840e+00 1.76671170301743556e-02
-5.49999999999999822e+00 1.52372883531661975e-02
-5.42499999999999805e+00 1.34030393890469234e-02
-5.34999999999999787e+00 1.08772064368521295e-02
-5.27499999999999769e+00 9.45792436213256475e-03
-5.19999999999999751e+00 6.97733638910109488e-03
-5.12499999999999734e+00 5.37723256848662064e-03
-5.04999999999999716e+00 4.07531072657331146e-03
-4.97499999999999698e+00 3.20923447707236647e-03
-4.89999999999999680e+00 1.87484165188750961e-03
-4.82499999999999662e+00 1.63375929279752780e-03
-4.74999999999999645e+00 1.50692043713355865e-03
-4.67499999999999627e+00 1.01255569056298098e-03
-4.59999999999999609e+00 1.07590850980342516e-03
-4.52499999999999591e+00 9.23875213567044258e-04
-4.44999999999999574e+00 1.08858003594845690e-03
-4.37499999999999556e+00 7.46561388857254959e-04
-4.29999999999999538e+00 8.85874104634387129e-04
-4.22499999999999520e+00 8.22545334902496732e-04
-4.14999999999999503e+00 8.85874104634387129e-04
-4.07499999999999485e+00 6.70588979566015065e-04
-3.99999999999999467e+00 7.71888088881015374e-04
-3.92499999999999449e+00 7.84551919621390408e-04
-3.84999999999999432e+00 6.57928032795181941e-04
-3.77499999999999414e+00 6.83250246729255779e-04
-3.69999999999999396e+00 6.57928032795181941e-04
-3.62499999999999378e+00 6.70588979566015065e-04
-3.54999999999999361e+00 8.98540820329802432e-04
-3.47499999999999343e+00 4.55396447907706315e-04
-3.39999999999999325e+00 7.71888088881015374e-04
-3.32499999999999307e+00 5.81969079729763913e-04
-3.24999999999999289e+00 6.19947114715520210e-04
-3.17499999999999272e+00 5.81969079729763913e-04
-3.09999999999999254e+00 6.95911834297065798e-04
-3.02499999999999236e+00 5.81969079729763913e-04
-2.94999999999999218e+00 5.94628104401513191e-04
-2.87499999999999201e+00 3.66814657407758739e-04
-2.79999999999999183e+00 5.81969079729763913e-04
-2.72499999999999165e+00 5.81969079729763913e-04
-2.64999999999999147e+00 6.32607100382094655e-04
-2.57499999999999130e+00 6.95911834297065798e-04
