-1.00000000000000000e+01 1.47955658365127533e-02
-9.00000000000000000e+00 1.43310044622891840e-02
-8.00000000000000000e+00 1.40765371017657018e-02
-7.00000000000000000e+00 1.46310750442230231e-02
-6.00000000000000000e+00 1.26887563246904107e-02
-5.00000000000000000e+00 2.53171705003199955e-03
-4.00000000000000000e+00 7.21973961749536341e-04
-3.00000000000000000e+00 8.24750086503960207e-04
-2.00000000000000000e+00 6.04749170832191512e-04
-1.00000000000000000e+00 5.99574160714201458e-04
0.00000000000000000e+00 6.40596885568671024e-04
1.00000000000000000e+00 5.33718744391230055e-04
2.00000000000000000e+00 5.86596275113652988e-04
3.00000000000000000e+00 7.49975236666713843e-04
4.00000000000000000e+00 5.13110201007390635e-04
5.00000000000000000e+00 5.63100364359059281e-04
6.00000000000000000e+00 7.57184975557122545e-04
7.00000000000000000e+00 5.47531388652883937e-04
8.00000000000000000e+00 4.89593778392908370e-04
9.00000000000000000e+00 6.83465784288771368e-04
-8.50000000000000000e+00 1.37412780432977083e-02
-8.42500000000000071e+00 1.41221071017426855e-02
-8.35000000000000142e+00 1.35828177355645108e-02
-8.27500000000000213e+00 1.44146396340091489e-02
-8.20000000000000284e+00 1.31287400328595327e-02
-8.12500000000000355e+00 1.39254031757075764e-02
-8.05000000000000426e+00 1.51349524983106099e-02
-7.97500000000000409e+00 1.28446835578853794e-02
-7.90000000000000391e+00 1.46192801500651254e-02
-7.82500000000000373e+00 1.36754108390293311e-02
-7.75000000000000355e+00 1.35252593764915718e-02
-7.67500000000000338e+00 1.31255779728936921e-02
-7.60000000000000320e+00 1.34172470533259758e-02
-7.52500000000000302e+00 1.45642080428305676e-02
-7.45000000000000284e+00 1.30950654753273759e-02
-7.37500000000000266e+00 1.43048054736652427e-02
-7.30000000000000249e+00 1.49031519195339350e-02
-7.22500000000000231e+00 1.40451440149054665e-02
-7.15000000000000213e+00 1.36802803032953623e-02
-7.07500000000000195e+00 1.38191638268301484e-02
-7.00000000000000178e+00 1.48691266949554923e-02
-6.92500000000000160e+00 1.37308689721335319e-02
-6.85000000000000142e+00 1.36109409673759157e-02
-6.77500000000000124e+00 1.41509668996925644e-02
-6.70000000000000107e+00 1.36395183922266815e-02
-6.62500000000000089e+00 1.32940027504833275e-02
-6.55000000000000071e+00 1.39203270678566089e-02
-6.47500000000000053e+00 1.39335476956055741e-02
-6.40000000000000036e+00 1.28062747275629902e-02
-6.32500000000000018e+00 1.35301414288347445e-02
-6.25000000000000000e+00 1.47284765560487842e-02
-6.17499999999999982e+00 1.48774119029167432e-02
-6.09999999999999964e+00 1.35371819960861065e-02
-6.02499999999999947e+00 1.43557268991532181e-02
-5.94999999999999929e+00 1.29474785067928838e-02
-5.87499999999999911e+00 1.13149772776981218e-02
-5.79999999999999893e+00 1.22508729780466692e-02
-5.72499999999999876e+00 1.11239916920253101e-02
-5.64999999999999858e+00 8.98466981698963114e-03
-5.57499999999999840e+00 1.03067520036902501e-02
-5.49999999999999822e+00 8.21295461161457817e-03
-5.42499999999999805e+00 6.75096238136982125e-03
-5.34999999999999787e+00 5.06998102938295298e-03
-5.27499999999999769e+00 4.93068153291620695e-03
-5.19999999999999751e+00 3.61225898573063137e-03
-5.12499999999999734e+00 3.44318041886502915e-03
-5.04999999999999716e+00 2.98106454384490863e-03
-4.97499999999999698e+00 2.35571816357842568e-03
-4.89999999999999680e+00 2.80444549538898073e-03
-4.82499999999999662e+00 1.95951897577450454e-03
-4.74999999999999645e+00 1.38175610354210592e-03
-4.67499999999999627e+00 1.22825653963617044e-03
-4.59999999999999609e+00 1.10617377328164879e-03
-4.52499999999999591e+00 1.07915533710645000e-03
-4.44999999999999574e+00 8.81584778283785436e-04
-4.37499999999999556e+00 1.00080253033092573e-03
-4.29999999999999538e+00 7.32109664322964904e-04
-4.22499999999999520e+00 9.68456658021419389e-04
-4.14999999999999503e+00 1.23785765581887596e-03
-4.07499999999999485e+00 1.06132466584856226e-03
-3.99999999999999467e+00 6.42178875148149671e-04
-3.92499999999999449e+00 7.85789907069756499e-04
-3.84999999999999432e+00 6.63547991108456923e-04
-3.77499999999999414e+00 1.45458335899780627e-03
-3.69999999999999396e+00 7.44328031958996043e-04
-3.62499999999999378e+00 6.37399786589108491e-04
-3.54999999999999361e+00 5.41704154164291849e-04
-3.47499999999999343e+00 6.73851272070985258e-04
-3.39999999999999325e+00 6.61572557970295429e-04
-3.32499999999999307e+00 6.04851192318866127e-04
-3.24999999999999289e+00 7.87843620117846272e-04
-3.17499999999999272e+00 5.40962631242238360e-04
-3.09999999999999254e+00 5.88440209767165955e-04
-3.02499999999999236e+00 6.04929228006332816e-04
-2.94999999999999218e+00 6.32658497602557276e-04
-2.87499999999999201e+00 7.00081360806796517e-04
-2.79999999999999183e+00 6.74847208888973405e-04
-2.72499999999999165e+00 6.14607809301380014e-04
-2.64999999999999147e+00 5.43000953792979681e-04
-2.57499999999999130e+00 5.54237071354470143e-04
