-1.00000000000000000e+01 2.44274809160305341e-02
-9.00000000000000000e+00 2.13720760643967000e-02
-8.00000000000000000e+00 2.43768529702426719e-02
-7.00000000000000000e+00 2.23609776923897954e-02
-6.00000000000000000e+00 2.20752964318889668e-02
-5.00000000000000000e+00 1.98085489527059060e-02
-4.00000000000000000e+00 7.36919675755342684e-04
-3.00000000000000000e+00 6.49406875054117216e-04
-2.00000000000000000e+00 4.75264635990494733e-04
-1.00000000000000000e+00 1.29243494744097872e-04
0.00000000000000000e+00 7.34912675082137327e-04
1.00000000000000000e+00 3.90794615718627857e-04
2.00000000000000000e+00 5.19750519750519779e-04
3.00000000000000000e+00 4.38039335932366707e-04
4.00000000000000000e+00 3.02193058193748944e-04
5.00000000000000000e+00 3.89644125032470351e-04
6.00000000000000000e+00 3.02180012950571968e-04
7.00000000000000000e+00 3.02755071147441709e-04
8.00000000000000000e+00 3.45393316639323043e-04
9.00000000000000000e+00 3.93924804131833527e-04
-7.50000000000000000e+00 2.43321139563241334e-02
-7.42499999999999982e+00 2.23896663078579118e-02
-7.34999999999999964e+00 2.32964155163947854e-02
-7.27499999999999947e+00 2.41215168208803558e-02
-7.19999999999999929e+00 2.29486544493973897e-02
-7.12499999999999911e+00 2.17461863031483300e-02
-7.04999999999999893e+00 2.35536741560837953e-02
-6.97499999999999876e+00 2.54192718985566529e-02
-6.89999999999999858e+00 2.32992636553467428e-02
-6.82499999999999840e+00 2.40760533273330704e-02
-6.74999999999999822e+00 2.36574665407896928e-02
-6.67499999999999805e+00 2.55513717052178596e-02
-6.59999999999999787e+00 2.35178297965434255e-02
-6.52499999999999769e+00 2.57487610428786887e-02
-6.44999999999999751e+00 2.28690228690228703e-02
-6.37499999999999734e+00 2.49424405218726004e-02
-6.29999999999999716e+00 2.69367890894686192e-02
-6.22499999999999698e+00 2.55930754434708259e-02
-6.14999999999999680e+00 2.25399495374264090e-02
-6.07499999999999662e+00 2.14581043596587633e-02
-5.99999999999999645e+00 2.38822246455834240e-02
-5.92499999999999627e+00 2.55107555939898395e-02
-5.84999999999999609e+00 2.88190802186275054e-02
-5.77499999999999591e+00 2.42925787506673777e-02
-5.69999999999999574e+00 2.56256146869194637e-02
-5.62499999999999556e+00 2.49771714024816030e-02
-5.54999999999999538e+00 2.33196159122085050e-02
-5.47499999999999520e+00 2.05788771425638936e-02
-5.39999999999999503e+00 2.37136240056389086e-02
-5.32499999999999485e+00 2.12843086483687216e-02
-5.24999999999999467e+00 2.62224278883233068e-02
-5.17499999999999449e+00 2.33240501293017696e-02
-5.09999999999999432e+00 2.09535819954406559e-02
-5.02499999999999414e+00 1.83460344340953992e-02
-4.94999999999999396e+00 1.56831347430885885e-02
-4.87499999999999378e+00 1.37465051258154700e-02
-4.79999999999999361e+00 9.39609157880806449e-03
-4.72499999999999343e+00 8.07314897413024049e-03
-4.64999999999999325e+00 7.09592641261498017e-03
-4.57499999999999307e+00 5.36688368819285624e-03
-4.49999999999999289e+00 3.63700100784365276e-03
-4.42499999999999272e+00 1.56548965037397818e-03
-4.34999999999999254e+00 1.52498801795128750e-03
-4.27499999999999236e+00 1.42186220862596403e-03
-4.19999999999999218e+00 1.60742989819610653e-03
-4.12499999999999201e+00 5.18448111984792228e-04
-4.04999999999999183e+00 1.58757401527503646e-03
-3.97499999999999165e+00 1.03479498124434089e-03
-3.89999999999999147e+00 4.40548041763954353e-04
-3.82499999999999130e+00 3.90760680791941626e-04
-3.74999999999999112e+00 4.41033783187792198e-04
-3.67499999999999094e+00 1.72696658319661521e-04
-3.59999999999999076e+00 1.22233378443270622e-03
-3.52499999999999059e+00 4.32619511139952439e-04
-3.44999999999999041e+00 5.17263675158412045e-04
-3.37499999999999023e+00 9.51063461871001227e-04
-3.29999999999999005e+00 2.61130695913304618e-04
-3.22499999999998987e+00 5.17531375339629930e-04
-3.14999999999998970e+00 3.45706754245711067e-04
-3.07499999999998952e+00 6.51380927566440880e-04
-2.99999999999998934e+00 7.39838106014448563e-04
-2.92499999999998916e+00 3.03793073517923801e-04
-2.84999999999998899e+00 4.79010625326598157e-04
-2.77499999999998881e+00 5.20471894517696024e-04
-2.69999999999998863e+00 3.46530364723208887e-04
-2.62499999999998845e+00 4.74792817679557991e-04
-2.54999999999998828e+00 4.26039536468984326e-04
-2.47499999999998810e+00 3.90862503257187509e-04
-2.39999999999998792e+00 2.57135510413988172e-04
-2.32499999999998774e+00 2.18760938046902334e-04
-2.24999999999998757e+00 3.55429180735738429e-04
-2.17499999999998739e+00 4.34744804799582646e-04
-2.09999999999998721e+00 3.08859865866572538e-04
-2.02499999999998703e+00 3.03319178438339544e-04
-1.94999999999998708e+00 6.02487412316564104e-04
-1.87499999999998712e+00 4.26184793726559817e-04
-1.79999999999998717e+00 7.11427301022676773e-04
-1.72499999999998721e+00 3.06305517875114851e-04
-1.64999999999998725e+00 4.72001716369877694e-04
-1.57499999999998730e+00 3.49757355834389913e-04
