-1.00000000000000000e+01 2.07554700823687349e-02
-9.00000000000000000e+00 2.62668271861661376e-02
-8.00000000000000000e+00 2.15338804560970300e-02
-7.00000000000000000e+00 2.12742784534398245e-02
-6.00000000000000000e+00 2.54438085517442493e-02
-5.00000000000000000e+00 1.72120773820285677e-02
-4.00000000000000000e+00 5.69091232438200282e-04
-3.00000000000000000e+00 4.62337292837328390e-04
-2.00000000000000000e+00 5.33504054630815246e-04
-1.00000000000000000e+00 1.77771457014861680e-04
0.00000000000000000e+00 4.97919408187217738e-04
1.00000000000000000e+00 1.77771457014861680e-04
2.00000000000000000e+00 4.62337292837328390e-04
3.00000000000000000e+00 1.42212109361112112e-04
4.00000000000000000e+00 2.84464673043416415e-04
5.00000000000000000e+00 4.62337292837328390e-04
6.00000000000000000e+00 3.55606130649692410e-04
7.00000000000000000e+00 6.04680941879490652e-04
8.00000000000000000e+00 3.20034136974610601e-04
9.00000000000000000e+00 4.62337292837328390e-04
-9.00000000000000000e+00 2.33547964640401610e-02
-8.90000000000000036e+00 2.06073359213438320e-02
-8.80000000000000071e+00 2.16080766995932587e-02
-8.70000000000000107e+00 2.06443654306654074e-02
-8.60000000000000142e+00 2.09406982652246484e-02
-8.50000000000000178e+00 2.01631912964641870e-02
-8.40000000000000213e+00 1.90545191088570924e-02
-8.30000000000000249e+00 2.16822837219437792e-02
-8.20000000000000284e+00 1.99042854035240378e-02
-8.10000000000000320e+00 1.85748424940256340e-02
-8.00000000000000355e+00 2.10518674458277377e-02
-7.90000000000000391e+00 2.14967863756853929e-02
-7.80000000000000426e+00 2.04592447491565993e-02
-7.70000000000000462e+00 2.42490442381212458e-02
-7.60000000000000497e+00 1.96085538238492223e-02
-7.50000000000000533e+00 1.92022028187384501e-02
-7.40000000000000568e+00 2.14226062960676811e-02
-7.30000000000000604e+00 2.17936144709600099e-02
-7.20000000000000639e+00 2.51074994533926101e-02
-7.10000000000000675e+00 2.07554700823687349e-02
-7.00000000000000711e+00 2.18307301126044323e-02
-6.90000000000000746e+00 2.14967863756853929e-02
-6.80000000000000782e+00 2.04592447491565993e-02
-6.70000000000000817e+00 2.48087431693989058e-02
-6.60000000000000853e+00 2.89696038626138484e-02
-6.50000000000000888e+00 1.99042854035240378e-02
-6.40000000000000924e+00 2.02741912084723648e-02
-6.30000000000000959e+00 2.53316810030616707e-02
-6.20000000000000995e+00 2.12001306857371036e-02
-6.10000000000001030e+00 1.97933659597607399e-02
-6.00000000000001066e+00 2.34292574671662972e-02
-5.90000000000001101e+00 1.90545191088570924e-02
-5.80000000000001137e+00 2.15709772306351445e-02
-5.70000000000001172e+00 2.09036472509526415e-02
-5.60000000000001208e+00 2.05703090988245546e-02
-5.50000000000001243e+00 1.99782451051486593e-02
-5.40000000000001279e+00 2.04962635130232912e-02
-5.30000000000001315e+00 1.92760607268379278e-02
-5.20000000000001350e+00 2.10148083623693388e-02
-5.10000000000001386e+00 1.78745884140825706e-02
-5.00000000000001421e+00 1.32550516874977483e-02
-4.90000000000001457e+00 8.46029754436278952e-03
-4.80000000000001492e+00 9.69096586626467041e-03
-4.70000000000001528e+00 3.20958596341072017e-03
-4.60000000000001563e+00 3.63908808733811413e-03
-4.50000000000001599e+00 2.28025795418106657e-03
-4.40000000000001634e+00 1.85191780334057485e-03
-4.30000000000001670e+00 1.70921910052344839e-03
-4.20000000000001705e+00 9.25102294965308709e-04
-4.10000000000001741e+00 2.35168359166221252e-03
-4.00000000000001776e+00 6.40273183224842647e-04
-3.90000000000001767e+00 5.69091232438200282e-04
-3.80000000000001759e+00 7.11465262708548267e-04
-3.70000000000001750e+00 5.33504054630815246e-04
-3.60000000000001741e+00 2.13333333333333333e-04
-3.50000000000001732e+00 2.84464673043416415e-04
-3.40000000000001723e+00 5.33504054630815246e-04
-3.30000000000001714e+00 4.97919408187217738e-04
-3.20000000000001705e+00 3.91180654338549089e-04
-3.10000000000001696e+00 5.69091232438200282e-04
-3.00000000000001688e+00 3.55606130649692410e-04
-2.90000000000001679e+00 5.33504054630815246e-04
-2.80000000000001670e+00 2.84464673043416415e-04
-2.70000000000001661e+00 3.55606130649692410e-04
-2.60000000000001652e+00 3.55606130649692410e-04
-2.50000000000001643e+00 3.55606130649692410e-04
-2.40000000000001634e+00 4.62337292837328390e-04
-2.30000000000001625e+00 5.33504054630815246e-04
-2.20000000000001616e+00 3.20034136974610601e-04
-2.10000000000001608e+00 3.20034136974610601e-04
-2.00000000000001599e+00 2.84464673043416415e-04
-1.90000000000001590e+00 3.91180654338549089e-04
-1.80000000000001581e+00 5.33504054630815246e-04
-1.70000000000001572e+00 2.84464673043416415e-04
-1.60000000000001563e+00 6.75867956744450726e-04
-1.50000000000001554e+00 3.91180654338549089e-04
-1.40000000000001545e+00 2.84464673043416415e-04
-1.30000000000001537e+00 6.75867956744450726e-04
-1.20000000000001528e+00 4.26757708311106376e-04
-1.10000000000001519e+00 1.77771457014861680e-04
-1.00000000000001510e+00 3.55606130649692410e-04
