-1.00000000000000000e+01 2.18098849109150082e-02
-9.00000000000000000e+00 2.04403042589552005e-02
-8.00000000000000000e+00 2.10903969957081557e-02
-7.00000000000000000e+00 2.21185473585285633e-02
-6.00000000000000000e+00 1.84609210394301206e-02
-5.00000000000000000e+00 1.30064533297851101e-02
-4.00000000000000000e+00 5.91424346968950215e-04
-3.00000000000000000e+00 4.59936265974572101e-04
-2.00000000000000000e+00 5.25675986463843307e-04
-1.00000000000000000e+00 5.91424346968950215e-04
0.00000000000000000e+00 5.58549086607964271e-04
1.00000000000000000e+00 3.94205183798166964e-04
2.00000000000000000e+00 4.27069645203679356e-04
3.00000000000000000e+00 3.94205183798166964e-04
4.00000000000000000e+00 3.94205183798166964e-04
5.00000000000000000e+00 3.61342881545233577e-04
6.00000000000000000e+00 6.57181349193309856e-04
7.00000000000000000e+00 3.61342881545233577e-04
8.00000000000000000e+00 5.25675986463843307e-04
9.00000000000000000e+00 4.59936265974572101e-04
-9.00000000000000000e+00 2.09534665415046263e-02
-8.90000000000000036e+00 2.12616117240685479e-02
-8.80000000000000071e+00 2.44222424058936315e-02
-8.70000000000000107e+00 2.25990597716588318e-02
-8.60000000000000142e+00 2.26677412855127956e-02
-8.50000000000000178e+00 2.14328838800563505e-02
-8.40000000000000213e+00 2.03719215949070206e-02
-8.30000000000000249e+00 2.31831468601955450e-02
-8.20000000000000284e+00 2.10561609388097218e-02
-8.10000000000000320e+00 2.36990722065348915e-02
-8.00000000000000355e+00 2.05770970877040132e-02
-7.90000000000000391e+00 2.19470452028591549e-02
-7.80000000000000426e+00 2.19470452028591549e-02
-7.70000000000000462e+00 2.18098849109150082e-02
-7.60000000000000497e+00 2.06797157795951189e-02
-7.50000000000000533e+00 2.05770970877040132e-02
-7.40000000000000568e+00 2.21871643394199770e-02
-7.30000000000000604e+00 2.41121872477804665e-02
-7.20000000000000639e+00 2.29769223017232682e-02
-7.10000000000000675e+00 2.05086960892731478e-02
-7.00000000000000711e+00 2.21528546974121450e-02
-6.90000000000000746e+00 2.17070388512380051e-02
-6.80000000000000782e+00 2.03377336996582447e-02
-6.70000000000000817e+00 2.01668285819570532e-02
-6.60000000000000853e+00 2.07139265962795367e-02
-6.50000000000000888e+00 2.20842423225373376e-02
-6.40000000000000924e+00 2.37334857296534092e-02
-6.30000000000000959e+00 2.11588759975856744e-02
-6.20000000000000995e+00 2.08507927994368292e-02
-6.10000000000001030e+00 1.77801544066040589e-02
-6.00000000000001066e+00 2.31143961028053083e-02
-5.90000000000001101e+00 1.93814018879293025e-02
-5.80000000000001137e+00 2.49049237707400818e-02
-5.70000000000001172e+00 1.93131610657383858e-02
-5.60000000000001208e+00 2.09876957119388488e-02
-5.50000000000001243e+00 2.04744990282152671e-02
-5.40000000000001279e+00 2.24960547963603402e-02
-5.30000000000001315e+00 2.26333993753987696e-02
-5.20000000000001350e+00 1.92449293794765379e-02
-5.10000000000001386e+00 1.57771847898599063e-02
-5.00000000000001421e+00 1.38158332778480584e-02
-4.90000000000001457e+00 9.34672367505220286e-03
-4.80000000000001492e+00 6.24504361617763716e-03
-4.70000000000001528e+00 4.15471362152537368e-03
-4.60000000000001563e+00 3.22846318563663323e-03
-4.50000000000001599e+00 2.23794635510942905e-03
-4.40000000000001634e+00 1.01899940832292412e-03
-4.30000000000001670e+00 1.21646501841136240e-03
-4.20000000000001705e+00 1.44694005064290184e-03
-4.10000000000001741e+00 7.88721285615695523e-04
-4.00000000000001776e+00 5.91424346968950215e-04
-3.90000000000001767e+00 1.28230420201223111e-03
-3.80000000000001759e+00 5.25675986463843307e-04
-3.70000000000001750e+00 6.24301767759742349e-04
-3.60000000000001741e+00 3.94205183798166964e-04
-3.50000000000001732e+00 5.58549086607964271e-04
-3.40000000000001723e+00 4.92805046323674303e-04
-3.30000000000001714e+00 5.25675986463843307e-04
-3.20000000000001705e+00 1.31367204177477081e-04
-3.10000000000001696e+00 5.25675986463843307e-04
-3.00000000000001688e+00 5.91424346968950215e-04
-2.90000000000001679e+00 2.62768927574314316e-04
-2.80000000000001670e+00 3.61342881545233577e-04
-2.70000000000001661e+00 2.95624753646038616e-04
-2.60000000000001652e+00 3.28482738232105929e-04
-2.50000000000001643e+00 6.24301767759742349e-04
-2.40000000000001634e+00 5.25675986463843307e-04
-2.30000000000001625e+00 4.59936265974572101e-04
-2.20000000000001616e+00 4.59936265974572101e-04
-2.10000000000001608e+00 5.91424346968950215e-04
-2.00000000000001599e+00 5.58549086607964271e-04
-1.90000000000001590e+00 8.21611673458656549e-04
-1.80000000000001581e+00 4.92805046323674303e-04
-1.70000000000001572e+00 3.94205183798166964e-04
-1.60000000000001563e+00 8.21611673458656549e-04
-1.50000000000001554e+00 3.28482738232105929e-04
-1.40000000000001545e+00 1.97063750123164844e-04
-1.30000000000001537e+00 4.59936265974572101e-04
-1.20000000000001528e+00 3.61342881545233577e-04
-1.10000000000001519e+00 5.25675986463843307e-04
-1.00000000000001510e+00 5.91424346968950215e-04
