-1.00000000000000000e+01 1.51308769779109620e-02
-9.00000000000000000e+00 1.48544063911395571e-02
-8.00000000000000000e+00 1.55112700845966046e-02
-7.00000000000000000e+00 1.51308769779109620e-02
-6.00000000000000000e+00 1.55228015988372100e-02
-5.00000000000000000e+00 2.76955507714388236e-03
-4.00000000000000000e+00 5.37014868599174295e-04
-3.00000000000000000e+00 3.91516398944024365e-04
-2.00000000000000000e+00 4.58664280120818859e-04
-1.00000000000000000e+00 4.81048910368282094e-04
0.00000000000000000e+00 4.69856470035462967e-04
1.00000000000000000e+00 4.25089212801897220e-04
2.00000000000000000e+00 6.15377730039384156e-04
3.00000000000000000e+00 5.37014868599174295e-04
4.00000000000000000e+00 4.92241601127680760e-04
5.00000000000000000e+00 5.03434542322063862e-04
6.00000000000000000e+00 4.92241601127680760e-04
7.00000000000000000e+00 5.03434542322063862e-04
8.00000000000000000e+00 6.60162019424428265e-04
9.00000000000000000e+00 5.59403005112943472e-04
-8.50000000000000000e+00 1.56958057445286160e-02
-8.42500000000000071e+00 1.45205386212294806e-02
-8.35000000000000142e+00 1.54536164414670156e-02
-8.27500000000000213e+00 1.49119920106222416e-02
-8.20000000000000284e+00 1.56265970132303672e-02
-8.12500000000000355e+00 1.53268014668316663e-02
-8.05000000000000426e+00 1.54074982401162658e-02
-7.97500000000000409e+00 1.56381311467962830e-02
-7.90000000000000391e+00 1.51769700547142831e-02
-7.82500000000000373e+00 1.54882078417568434e-02
-7.75000000000000355e+00 1.62267195436519227e-02
-7.67500000000000338e+00 1.49695841656074091e-02
-7.60000000000000320e+00 1.59034885438084327e-02
-7.52500000000000302e+00 1.55458654130044734e-02
-7.45000000000000284e+00 1.59496518113760553e-02
-7.37500000000000266e+00 1.53959693443088269e-02
-7.30000000000000249e+00 1.50041425961025543e-02
-7.22500000000000231e+00 1.54420864983933412e-02
-7.15000000000000213e+00 1.50387033800195215e-02
-7.07500000000000195e+00 1.48544063911395571e-02
-7.00000000000000178e+00 1.52691687668869060e-02
-6.92500000000000160e+00 1.50271828572077128e-02
-6.85000000000000142e+00 1.56381311467962830e-02
-6.77500000000000124e+00 1.54997388322394569e-02
-6.70000000000000107e+00 1.63884121878871206e-02
-6.62500000000000089e+00 1.53383287920072654e-02
-6.55000000000000071e+00 1.52922210617138180e-02
-6.47500000000000053e+00 1.56496655423438158e-02
-6.40000000000000036e+00 1.54882078417568434e-02
-6.32500000000000018e+00 1.62267195436519227e-02
-6.25000000000000000e+00 1.45435569320128411e-02
-6.17499999999999982e+00 1.57304136474115813e-02
-6.09999999999999964e+00 1.55112700845966046e-02
-6.02499999999999947e+00 1.43479345779552216e-02
-5.94999999999999929e+00 1.52115426093471524e-02
-5.87499999999999911e+00 1.47162275625751689e-02
-5.79999999999999893e+00 1.51884939779551153e-02
-5.72499999999999876e+00 1.47622829910359701e-02
-5.64999999999999858e+00 1.42904129475677939e-02
-5.57499999999999840e+00 1.32790990153978626e-02
-5.49999999999999822e+00 1.23385517483388229e-02
-5.42499999999999805e+00 1.10338590243626699e-02
-5.34999999999999787e+00 8.99203465938578847e-03
-5.27499999999999769e+00 7.04915263780192536e-03
-5.19999999999999751e+00 5.15892640381243519e-03
-5.12499999999999734e+00 3.55724128644208538e-03
-5.04999999999999716e+00 3.37708964433972849e-03
-4.97499999999999698e+00 2.01678412566805992e-03
-4.89999999999999680e+00 1.94942693570252196e-03
-4.82499999999999662e+00 1.29877400212730218e-03
-4.74999999999999645e+00 1.09701901872768181e-03
-4.67499999999999627e+00 9.96172013162902005e-04
-4.59999999999999609e+00 8.50539980974763534e-04
-4.52499999999999591e+00 7.72140283341912694e-04
-4.44999999999999574e+00 8.50539980974763534e-04
-4.37499999999999556e+00 6.26573426573426599e-04
-4.29999999999999538e+00 7.83339488143597351e-04
-4.22499999999999520e+00 6.37769373643341472e-04
-4.14999999999999503e+00 7.27345970503323440e-04
-4.07499999999999485e+00 5.81792143568399711e-04
-3.99999999999999467e+00 8.95345323499457230e-04
-3.92499999999999449e+00 5.59403005112943472e-04
-3.84999999999999432e+00 6.15377730039384156e-04
-3.77499999999999414e+00 7.38544172774576162e-04
-3.69999999999999396e+00 7.38544172774576162e-04
-3.62499999999999378e+00 4.58664280120818859e-04
-3.54999999999999361e+00 5.92987088545279622e-04
-3.47499999999999343e+00 5.48208811617551602e-04
-3.39999999999999325e+00 5.92987088545279622e-04
-3.32499999999999307e+00 4.81048910368282094e-04
-3.24999999999999289e+00 6.26573426573426599e-04
-3.17499999999999272e+00 6.15377730039384156e-04
-3.09999999999999254e+00 5.48208811617551602e-04
-3.02499999999999236e+00 5.92987088545279622e-04
-2.94999999999999218e+00 6.04182284032804854e-04
-2.87499999999999201e+00 5.48208811617551602e-04
-2.79999999999999183e+00 4.92241601127680760e-04
-2.72499999999999165e+00 4.69856470035462967e-04
-2.64999999999999147e+00 6.60162019424428265e-04
-2.57499999999999130e+00 5.92987088545279622e-04
