-1.00000000000000000e+01 5.26420341676599110e-02
-9.00000000000000000e+00 4.16748574798505994e-02
-8.00000000000000000e+00 5.24329692154915580e-02
-7.00000000000000000e+00 5.85297642828605663e-02
-6.00000000000000000e+00 1.93199729790587693e-01
-5.00000000000000000e+00 7.00726978998384431e-02
-4.00000000000000000e+00 9.52562392836730880e-03
-3.00000000000000000e+00 2.06086286594761164e-02
-2.00000000000000000e+00 5.66465256797583135e-04
-1.00000000000000000e+00 5.66465256797583135e-04
0.00000000000000000e+00 9.44465432565168165e-04
1.00000000000000000e+00 1.88750471876179685e-04
2.00000000000000000e+00 0.00000000000000000e+00
3.00000000000000000e+00 9.44465432565168165e-04
4.00000000000000000e+00 5.66465256797583135e-04
5.00000000000000000e+00 7.55429650613786540e-04
6.00000000000000000e+00 1.13357264311354615e-03
7.00000000000000000e+00 5.66465256797583135e-04
8.00000000000000000e+00 7.55429650613786540e-04
9.00000000000000000e+00 9.44465432565168165e-04
-1.15000000000000000e+01 5.11803213648085731e-02
-1.13249999999999993e+01 4.64060031595576600e-02
-1.11499999999999986e+01 5.11803213648085731e-02
-1.09749999999999979e+01 5.34791252485089449e-02
-1.07999999999999972e+01 7.31065208586472309e-02
-1.06249999999999964e+01 6.25626629236013670e-02
-1.04499999999999957e+01 2.14531285812514322e-01
-1.02749999999999950e+01 8.07668774219865437e-02
-1.00999999999999943e+01 5.49472426836551883e-02
-9.92499999999999361e+00 4.86839501286364523e-02
-9.74999999999999289e+00 5.70516656692599267e-02
-9.57499999999999218e+00 2.03497615262321158e-01
-9.39999999999999147e+00 6.06485188150520382e-02
-9.22499999999999076e+00 8.80903490759753632e-02
-9.04999999999999005e+00 6.08608608608608576e-02
-8.87499999999998934e+00 4.59928938018160302e-02
-8.69999999999998863e+00 5.91645012992204691e-02
-8.52499999999998792e+00 4.78544591655131468e-02
-8.34999999999998721e+00 4.82690405539070236e-02
-8.17499999999998650e+00 8.43052997749130367e-02
-7.99999999999998668e+00 5.83183543039744387e-02
-7.82499999999998685e+00 6.21367007416315925e-02
-7.64999999999998703e+00 5.22239872915011907e-02
-7.47499999999998721e+00 6.04362617570542299e-02
-7.29999999999998739e+00 6.70559806685461085e-02
-7.12499999999998757e+00 4.70262793914246191e-02
-6.94999999999998774e+00 4.78544591655131468e-02
-6.77499999999998792e+00 4.80617088607594931e-02
-6.59999999999998810e+00 6.04362617570542299e-02
-6.42499999999998828e+00 7.39764896635589780e-02
-6.24999999999998845e+00 5.68408456322297556e-02
-6.07499999999998863e+00 6.25626629236013670e-02
-5.89999999999998881e+00 6.53397667872939319e-02
-5.72499999999998899e+00 6.21367007416315925e-02
-5.54999999999998916e+00 6.12858001201682379e-02
-5.37499999999998934e+00 8.80903490759753632e-02
-5.19999999999998952e+00 1.07419017763845354e-01
-5.02499999999998970e+00 4.76472914195334094e-02
-4.84999999999998987e+00 6.25626629236013670e-02
-4.67499999999999005e+00 4.47555205047318605e-02
-4.49999999999999023e+00 5.64194577352472096e-02
-4.32499999999999041e+00 3.96311555817147332e-02
-4.14999999999999059e+00 2.11986895355559847e-02
-3.97499999999999076e+00 1.76685231419243319e-02
-3.79999999999999094e+00 1.80595581171950036e-02
-3.62499999999999112e+00 3.21847784929950786e-03
-3.44999999999999130e+00 9.14111597790896908e-03
-3.27499999999999147e+00 8.56490293110011465e-03
-3.09999999999999165e+00 2.45932652289065435e-03
-2.92499999999999183e+00 5.66465256797583135e-04
-2.74999999999999201e+00 1.13357264311354615e-03
-2.57499999999999218e+00 5.66465256797583135e-04
-2.39999999999999236e+00 3.77572210685293548e-04
-2.22499999999999254e+00 5.66465256797583135e-04
-2.04999999999999272e+00 7.55429650613786540e-04
-1.87499999999999267e+00 7.55429650613786540e-04
-1.69999999999999263e+00 7.55429650613786540e-04
-1.52499999999999258e+00 5.66465256797583135e-04
-1.34999999999999254e+00 9.44465432565168165e-04
-1.17499999999999249e+00 7.55429650613786540e-04
-9.99999999999992450e-01 7.55429650613786540e-04
-8.24999999999992406e-01 2.26971817665973154e-03
-6.49999999999992362e-01 1.70132325141776944e-03
-4.74999999999992373e-01 3.77572210685293548e-04
-2.99999999999992384e-01 7.55429650613786540e-04
-1.24999999999992395e-01 1.32275132275132268e-03
5.00000000000075939e-02 9.44465432565168165e-04
2.25000000000007583e-01 7.55429650613786540e-04
4.00000000000007572e-01 7.55429650613786540e-04
5.75000000000007505e-01 1.13357264311354615e-03
7.50000000000007550e-01 1.51200151200151195e-03
9.25000000000007594e-01 7.55429650613786540e-04
1.10000000000000764e+00 5.66465256797583135e-04
1.27500000000000768e+00 1.13357264311354615e-03
1.45000000000000773e+00 1.32275132275132268e-03
1.62500000000000777e+00 9.44465432565168165e-04
1.80000000000000782e+00 9.44465432565168165e-04
1.97500000000000786e+00 3.77572210685293548e-04
2.15000000000000790e+00 3.77572210685293548e-04
2.32500000000000773e+00 7.55429650613786540e-04
