-1.00000000000000000e+01 2.78568003835704014e-01
-9.00000000000000000e+00 2.75103602167676098e-01
-8.00000000000000000e+00 2.83491095780523006e-01
-7.00000000000000000e+00 2.88867407765426132e-01
-6.00000000000000000e+00 2.74088230609969730e-01
-5.00000000000000000e+00 2.74697259400892291e-01
-4.00000000000000000e+00 1.66350779997084114e-01
-3.00000000000000000e+00 4.89888204999371947e-03
-2.00000000000000000e+00 3.00902708124373098e-03
-1.00000000000000000e+00 4.14208610518388386e-03
0.00000000000000000e+00 4.39422473320778394e-03
1.00000000000000000e+00 3.89007403689296035e-03
2.00000000000000000e+00 4.64649001632550570e-03
3.00000000000000000e+00 3.38642919854508949e-03
4.00000000000000000e+00 4.39422473320778394e-03
5.00000000000000000e+00 4.26813959327140315e-03
6.00000000000000000e+00 3.13479623824451398e-03
7.00000000000000000e+00 3.00902708124373098e-03
8.00000000000000000e+00 4.26813959327140315e-03
9.00000000000000000e+00 4.14208610518388386e-03
-8.00000000000000000e+00 2.76324186343331224e-01
-7.90000000000000036e+00 2.72264631043256988e-01
-7.80000000000000071e+00 2.88244766505636074e-01
-7.70000000000000107e+00 2.80819724623759204e-01
-7.60000000000000142e+00 2.79590531030070366e-01
-7.50000000000000178e+00 2.73277096928218999e-01
-7.40000000000000213e+00 2.81435207432324197e-01
-7.30000000000000249e+00 2.68230818008877603e-01
-7.20000000000000284e+00 2.77751157961986905e-01
-7.10000000000000320e+00 2.77139208173690921e-01
-7.00000000000000355e+00 2.83697047496790755e-01
-6.90000000000000391e+00 2.72669424117085613e-01
-6.80000000000000426e+00 2.74494185120280398e-01
-6.70000000000000462e+00 2.77547109549664661e-01
-6.60000000000000497e+00 2.84109149277688600e-01
-6.50000000000000533e+00 2.79590531030070366e-01
-6.40000000000000568e+00 2.83285210137953158e-01
-6.30000000000000604e+00 2.74900398406374480e-01
-6.20000000000000639e+00 2.74088230609969730e-01
-6.10000000000000675e+00 2.82873636946760765e-01
-6.00000000000000711e+00 2.77139208173690921e-01
-5.90000000000000746e+00 2.76731567187998739e-01
-5.80000000000000782e+00 2.70042863946658218e-01
-5.70000000000000817e+00 2.79590531030070366e-01
-5.60000000000000853e+00 2.82667949334615975e-01
-5.50000000000000888e+00 2.74900398406374480e-01
-5.40000000000000924e+00 2.76120593396075920e-01
-5.30000000000000959e+00 2.77751157961986905e-01
-5.20000000000000995e+00 2.73074474856779104e-01
-5.10000000000001030e+00 2.82051282051282048e-01
-5.00000000000001066e+00 2.81640499839794944e-01
-4.90000000000001101e+00 2.78568003835704014e-01
-4.80000000000001137e+00 2.80614695053625740e-01
-4.70000000000001172e+00 2.76324186343331224e-01
-4.60000000000001208e+00 2.75103602167676098e-01
-4.50000000000001243e+00 2.85760205721632909e-01
-4.40000000000001279e+00 2.82873636946760765e-01
-4.30000000000001315e+00 2.75103602167676098e-01
-4.20000000000001350e+00 2.68834258524980163e-01
-4.10000000000001386e+00 2.39733457306679054e-01
-4.00000000000001421e+00 1.69419675486040061e-01
-3.90000000000001412e+00 1.44559979710880034e-02
-3.80000000000001403e+00 9.97348819593485598e-03
-3.70000000000001394e+00 7.04934541792547834e-03
-3.60000000000001386e+00 7.04934541792547834e-03
-3.50000000000001377e+00 4.01606425702811208e-03
-3.40000000000001368e+00 5.53041729512317778e-03
-3.30000000000001359e+00 4.64649001632550570e-03
-3.20000000000001350e+00 4.52034153691612244e-03
-3.10000000000001341e+00 6.16274682429882991e-03
-3.00000000000001332e+00 4.52034153691612244e-03
-2.90000000000001323e+00 3.26059694005517925e-03
-2.80000000000001315e+00 5.15140092976504576e-03
-2.70000000000001306e+00 4.89888204999371947e-03
-2.60000000000001297e+00 4.39422473320778394e-03
-2.50000000000001288e+00 3.26059694005517925e-03
-2.40000000000001279e+00 4.77267018337101251e-03
-2.30000000000001270e+00 2.63190876049630273e-03
-2.20000000000001261e+00 3.26059694005517925e-03
-2.10000000000001252e+00 3.00902708124373098e-03
-2.00000000000001243e+00 2.88328945718941939e-03
-1.90000000000001235e+00 4.89888204999371947e-03
-1.80000000000001226e+00 4.01606425702811208e-03
-1.70000000000001217e+00 2.75758335422411627e-03
-1.60000000000001208e+00 4.89888204999371947e-03
-1.50000000000001199e+00 5.02512562814070359e-03
-1.40000000000001190e+00 4.26813959327140315e-03
-1.30000000000001181e+00 3.13479623824451398e-03
-1.20000000000001172e+00 4.77267018337101251e-03
-1.10000000000001164e+00 5.02512562814070359e-03
-1.00000000000001155e+00 3.51229302558956355e-03
-9.00000000000011569e-01 4.89888204999371947e-03
-8.00000000000011591e-01 5.15140092976504576e-03
-7.00000000000011613e-01 4.01606425702811208e-03
-6.00000000000011635e-01 3.76411543287327472e-03
-5.00000000000011657e-01 4.26813959327140315e-03
-4.00000000000011680e-01 4.01606425702811208e-03
-3.00000000000011702e-01 4.14208610518388386e-03
-2.00000000000011696e-01 3.76411543287327472e-03
-1.00000000000011691e-01 4.14208610518388386e-03
-1.16850973341797726e-14 4.77267018337101251e-03
