-1.00000000000000000e+01 4.49702424154449110e-01
-9.00000000000000000e+00 4.89152314918362807e-01
-8.00000000000000000e+00 4.42061944985921607e-01
-7.00000000000000000e+00 4.54982517482517501e-01
-6.00000000000000000e+00 4.99099369558691108e-01
-5.00000000000000000e+00 4.57530647985989469e-01
-4.00000000000000000e+00 4.09597741707833474e-01
-3.00000000000000000e+00 8.16050251800509024e-02
-2.00000000000000000e+00 4.91648282382603219e-02
-1.00000000000000000e+00 5.19275331788498010e-02
0.00000000000000000e+00 4.91097221492725472e-02
1.00000000000000000e+00 4.93301812450748639e-02
2.00000000000000000e+00 5.45934530095036966e-02
3.00000000000000000e+00 4.75141598489616096e-02
4.00000000000000000e+00 5.33143489954121183e-02
5.00000000000000000e+00 5.69372420361943035e-02
6.00000000000000000e+00 5.07101525512887938e-02
7.00000000000000000e+00 4.87241415520319257e-02
8.00000000000000000e+00 5.49833623831405480e-02
9.00000000000000000e+00 4.71297509829619946e-02
-6.50000000000000000e+00 4.67273929332255922e-01
-6.42499999999999982e+00 4.62332528003514154e-01
-6.34999999999999964e+00 4.67597354886113148e-01
-6.27499999999999947e+00 4.60194458659258732e-01
-6.19999999999999929e+00 4.73660911907923865e-01
-6.12499999999999911e+00 4.64691647723106283e-01
-6.04999999999999893e+00 4.61583491877652574e-01
-5.97499999999999876e+00 4.50018148820326702e-01
-5.89999999999999858e+00 4.77585441633377739e-01
-5.82499999999999840e+00 4.82960873116044243e-01
-5.74999999999999822e+00 4.29164281625643962e-01
-5.67499999999999805e+00 4.52232077940962651e-01
-5.59999999999999787e+00 4.07809416408232317e-01
-5.52499999999999769e+00 4.86935159681381680e-01
-5.44999999999999751e+00 4.38530788620813849e-01
-5.37499999999999734e+00 4.66089254257193164e-01
-5.29999999999999716e+00 4.82630641330166255e-01
-5.22499999999999698e+00 4.60194458659258732e-01
-5.14999999999999680e+00 4.45401259135972227e-01
-5.07499999999999662e+00 4.38634399308556633e-01
-4.99999999999999645e+00 4.57211643685708047e-01
-4.92499999999999627e+00 4.57637013792600134e-01
-4.84999999999999609e+00 4.87821229050279304e-01
-4.77499999999999591e+00 4.49702424154449110e-01
-4.69999999999999574e+00 4.91598835038458692e-01
-4.62499999999999556e+00 4.46029103018895257e-01
-4.54999999999999538e+00 4.83181109378480744e-01
-4.47499999999999520e+00 4.45610479843670859e-01
-4.39999999999999503e+00 4.52654545454545476e-01
-4.32499999999999485e+00 4.33574965908275323e-01
-4.24999999999999467e+00 4.29778095919828185e-01
-4.17499999999999449e+00 4.16294405445649884e-01
-4.09999999999999432e+00 4.21535833748487632e-01
-4.02499999999999414e+00 3.64251075746192199e-01
-3.94999999999999396e+00 3.81805603597371146e-01
-3.87499999999999378e+00 3.43783638320775020e-01
-3.79999999999999361e+00 3.44145356662180324e-01
-3.72499999999999343e+00 2.59791863765373721e-01
-3.64999999999999325e+00 2.19860754855258328e-01
-3.57499999999999307e+00 1.61211557467589084e-01
-3.49999999999999289e+00 1.40719588806396345e-01
-3.42499999999999272e+00 1.25422582826233947e-01
-3.34999999999999254e+00 1.19430589026508993e-01
-3.27499999999999236e+00 1.09605021943225370e-01
-3.19999999999999218e+00 1.05062240663900408e-01
-3.12499999999999201e+00 9.45257274371198442e-02
-3.04999999999999183e+00 7.56058158319870693e-02
-2.97499999999999165e+00 8.16050251800509024e-02
-2.89999999999999147e+00 7.24871134020618618e-02
-2.82499999999999130e+00 6.41449120937666456e-02
-2.74999999999999112e+00 6.03036415755388022e-02
-2.67499999999999094e+00 7.16815108917265853e-02
-2.59999999999999076e+00 5.19829356928424718e-02
-2.52499999999999059e+00 6.95009638038123767e-02
-2.44999999999999041e+00 5.74968233799237616e-02
-2.37499999999999023e+00 5.72729197543933935e-02
-2.29999999999999005e+00 4.95507330145551969e-02
-2.22499999999998987e+00 4.70199716936625239e-02
-2.14999999999998970e+00 4.47199121292954638e-02
-2.07499999999998952e+00 5.70491109229466567e-02
-1.99999999999998956e+00 5.02681669996845118e-02
-1.92499999999998961e+00 4.04208771747056952e-02
-1.84999999999998965e+00 4.92750577852490018e-02
-1.77499999999998970e+00 5.20937582301817248e-02
-1.69999999999998974e+00 4.77339488040285365e-02
-1.62499999999998979e+00 5.60431426456593010e-02
-1.54999999999998983e+00 4.86690817451567170e-02
-1.47499999999998987e+00 4.58686773484134475e-02
-1.39999999999998992e+00 5.38700997203608936e-02
-1.32499999999998996e+00 5.27036997997259379e-02
-1.24999999999999001e+00 4.50478731753256936e-02
-1.17499999999999005e+00 4.59234434727967752e-02
-1.09999999999999010e+00 4.60329929300864124e-02
-1.02499999999999014e+00 4.69102154200953941e-02
-9.49999999999990186e-01 5.33143489954121183e-02
-8.74999999999990230e-01 4.79538300104931786e-02
-7.99999999999990274e-01 5.14291730273201061e-02
-7.24999999999990319e-01 5.38144982589427029e-02
-6.49999999999990363e-01 5.39257070493879276e-02
-5.74999999999990408e-01 4.96058854440357341e-02
