-1.00000000000000000e+01 4.47843209085081045e-02
-9.00000000000000000e+00 4.37328453796889324e-02
-8.00000000000000000e+00 3.96427595005923658e-02
-7.00000000000000000e+00 4.56461961503208044e-02
-6.00000000000000000e+00 4.55503620199798342e-02
-5.00000000000000000e+00 4.42105263157894710e-02
-4.00000000000000000e+00 3.60693234802498446e-03
-3.00000000000000000e+00 8.77346902965432554e-04
-2.00000000000000000e+00 5.26223469566742728e-04
-1.00000000000000000e+00 4.38481101464526890e-04
0.00000000000000000e+00 3.50754121360925971e-04
1.00000000000000000e+00 4.38481101464526890e-04
2.00000000000000000e+00 4.38481101464526890e-04
3.00000000000000000e+00 5.26223469566742728e-04
4.00000000000000000e+00 6.13981229716691512e-04
5.00000000000000000e+00 6.13981229716691512e-04
6.00000000000000000e+00 7.01754385964912229e-04
7.00000000000000000e+00 1.75346308960196400e-04
8.00000000000000000e+00 6.13981229716691512e-04
9.00000000000000000e+00 4.38481101464526890e-04
-7.50000000000000000e+00 3.91692475860812503e-02
-7.42499999999999982e+00 4.67975775371627795e-02
-7.34999999999999964e+00 4.23024211968935568e-02
-7.27499999999999947e+00 4.51672010994044887e-02
-7.19999999999999929e+00 4.56461961503208044e-02
-7.12499999999999911e+00 4.26834841422173497e-02
-7.04999999999999893e+00 4.15411302839404709e-02
-6.97499999999999876e+00 4.55503620199798342e-02
-6.89999999999999858e+00 4.54545454545454558e-02
-6.82499999999999840e+00 4.64135021097046435e-02
-6.74999999999999822e+00 4.51672010994044887e-02
-6.67499999999999805e+00 4.18264840182648381e-02
-6.59999999999999787e+00 4.77590007347538578e-02
-6.52499999999999769e+00 4.22071989767951739e-02
-6.44999999999999751e+00 4.57420478503987524e-02
-6.37499999999999734e+00 4.61256304447501125e-02
-6.29999999999999716e+00 4.69897209985315686e-02
-6.22499999999999698e+00 4.46886446886446895e-02
-6.14999999999999680e+00 4.36373616320556226e-02
-6.07499999999999662e+00 4.27787934186471680e-02
-5.99999999999999645e+00 5.01703028629292072e-02
-5.92499999999999627e+00 4.13509812870835256e-02
-5.84999999999999609e+00 4.48800146546986661e-02
-5.77499999999999591e+00 4.64135021097046435e-02
-5.69999999999999574e+00 4.23976608187134479e-02
-5.62499999999999556e+00 4.27787934186471680e-02
-5.54999999999999538e+00 4.34464465380042103e-02
-5.47499999999999520e+00 4.41149551528464204e-02
-5.39999999999999503e+00 4.46886446886446895e-02
-5.32499999999999485e+00 4.53587464491890385e-02
-5.24999999999999467e+00 5.32730126488782166e-02
-5.17499999999999449e+00 4.30648258206089429e-02
-5.09999999999999432e+00 4.27787934186471680e-02
-5.02499999999999414e+00 4.23024211968935568e-02
-4.94999999999999396e+00 4.40194014825661187e-02
-4.87499999999999378e+00 4.17313487352753143e-02
-4.79999999999999361e+00 4.13509812870835256e-02
-4.72499999999999343e+00 3.83180121962319112e-02
-4.64999999999999325e+00 3.21179770198136219e-02
-4.57499999999999307e+00 2.91384754172304902e-02
-4.49999999999999289e+00 1.83895732904838412e-02
-4.42499999999999272e+00 1.43149284253578733e-02
-4.34999999999999254e+00 1.32338573585575985e-02
-4.27499999999999236e+00 7.23997880981811729e-03
-4.19999999999999218e+00 3.51864883884588303e-03
-4.12499999999999201e+00 5.37587027408125469e-03
-4.04999999999999183e+00 3.60693234802498446e-03
-3.97499999999999165e+00 1.84420830771932914e-03
-3.89999999999999147e+00 9.65166271825919136e-04
-3.82499999999999130e+00 1.58033362598770846e-03
-3.74999999999999112e+00 7.89542942363365250e-04
-3.67499999999999094e+00 8.77346902965432554e-04
-3.59999999999999076e+00 4.38481101464526890e-04
-3.52499999999999059e+00 8.77346902965432554e-04
-3.44999999999999041e+00 8.77346902965432554e-04
-3.37499999999999023e+00 6.13981229716691512e-04
-3.29999999999999005e+00 1.14085125054848627e-03
-3.22499999999998987e+00 2.63042525208241975e-04
-3.14999999999998970e+00 5.26223469566742728e-04
-3.07499999999998952e+00 4.38481101464526890e-04
-2.99999999999998934e+00 7.89542942363365250e-04
-2.92499999999998916e+00 2.63042525208241975e-04
-2.84999999999998899e+00 8.77346902965432554e-04
-2.77499999999998881e+00 1.75346308960196400e-04
-2.69999999999998863e+00 8.76654685719295161e-05
-2.62499999999998845e+00 7.01754385964912229e-04
-2.54999999999998828e+00 4.38481101464526890e-04
-2.47499999999998810e+00 7.01754385964912229e-04
-2.39999999999998792e+00 3.50754121360925971e-04
-2.32499999999998774e+00 2.63042525208241975e-04
-2.24999999999998757e+00 3.50754121360925971e-04
-2.17499999999998739e+00 2.63042525208241975e-04
-2.09999999999998721e+00 4.38481101464526890e-04
-2.02499999999998703e+00 7.01754385964912229e-04
-1.94999999999998708e+00 7.89542942363365250e-04
-1.87499999999998712e+00 2.63042525208241975e-04
-1.79999999999998717e+00 8.77346902965432554e-04
-1.72499999999998721e+00 5.26223469566742728e-04
-1.64999999999998725e+00 5.26223469566742728e-04
-1.57499999999998730e+00 4.38481101464526890e-04
