-1.00000000000000000e+01 4.54776422764227653e-02
-9.00000000000000000e+00 4.82296000679290141e-02
-8.00000000000000000e+00 4.37980891181195542e-02
-7.00000000000000000e+00 4.51236031154757869e-02
-6.00000000000000000e+00 4.70737913486005063e-02
-5.00000000000000000e+00 4.98341695722425357e-02
-4.00000000000000000e+00 1.13534993106803985e-03
-3.00000000000000000e+00 5.67352893499756847e-04
-2.00000000000000000e+00 4.86263068319961087e-04
-1.00000000000000000e+00 5.67352893499756847e-04
0.00000000000000000e+00 5.67352893499756847e-04
1.00000000000000000e+00 7.29571984435797675e-04
2.00000000000000000e+00 5.67352893499756847e-04
3.00000000000000000e+00 8.10701256586947696e-04
4.00000000000000000e+00 6.48455864472724346e-04
5.00000000000000000e+00 4.05186385737439203e-04
6.00000000000000000e+00 6.48455864472724346e-04
7.00000000000000000e+00 1.62035161630073735e-04
8.00000000000000000e+00 9.72999270250547309e-04
9.00000000000000000e+00 4.86263068319961087e-04
-7.50000000000000000e+00 4.71626092119772702e-02
-7.42499999999999982e+00 4.40629228687415414e-02
-7.34999999999999964e+00 4.84076433121019140e-02
-7.27499999999999947e+00 4.32688244739288450e-02
-7.19999999999999929e+00 4.23879084691378902e-02
-7.12499999999999911e+00 4.95664002720625774e-02
-7.04999999999999893e+00 4.61864406779661021e-02
-6.97499999999999876e+00 4.64524879206577937e-02
-6.89999999999999858e+00 4.34451863747781220e-02
-6.82499999999999840e+00 4.63637904729615191e-02
-6.74999999999999822e+00 4.44162436548223363e-02
-6.67499999999999805e+00 4.27400962919165447e-02
-6.59999999999999787e+00 4.38863521055301853e-02
-6.52499999999999769e+00 4.91204215178040263e-02
-6.44999999999999751e+00 4.61864406779661021e-02
-6.37499999999999734e+00 4.16842460551852187e-02
-6.29999999999999716e+00 4.07182599898836609e-02
-6.22499999999999698e+00 4.56547518211079112e-02
-6.14999999999999680e+00 4.27400962919165447e-02
-6.07499999999999662e+00 4.20359584704988604e-02
-5.99999999999999645e+00 4.37098410551234329e-02
-5.92499999999999627e+00 4.14206175130757553e-02
-5.84999999999999609e+00 4.23879084691378902e-02
-5.77499999999999591e+00 4.69849885505894335e-02
-5.69999999999999574e+00 4.92987675308117282e-02
-5.62499999999999556e+00 4.45929937383652067e-02
-5.54999999999999538e+00 4.95664002720625774e-02
-5.47499999999999520e+00 4.60091509913573976e-02
-5.39999999999999503e+00 4.29162794627016980e-02
-5.32499999999999485e+00 4.44162436548223363e-02
-5.24999999999999467e+00 4.56547518211079112e-02
-5.17499999999999449e+00 5.13541134389371504e-02
-5.09999999999999432e+00 4.16842460551852187e-02
-5.02499999999999414e+00 4.55661895485728816e-02
-4.94999999999999396e+00 4.79626485568760627e-02
-4.87499999999999378e+00 4.37098410551234329e-02
-4.79999999999999361e+00 4.21239236873206177e-02
-4.72499999999999343e+00 3.36598844511429296e-02
-4.64999999999999325e+00 2.87500000000000012e-02
-4.57499999999999307e+00 2.24449229749875759e-02
-4.49999999999999289e+00 1.27984248092542462e-02
-4.42499999999999272e+00 9.65077287969248396e-03
-4.34999999999999254e+00 7.59059745347698354e-03
-4.27499999999999236e+00 4.72043623341743268e-03
-4.19999999999999218e+00 5.53881241345605645e-03
-4.12499999999999201e+00 2.76175777759727053e-03
-4.04999999999999183e+00 2.68031189083820648e-03
-3.97499999999999165e+00 1.13534993106803985e-03
-3.89999999999999147e+00 1.86658010063301414e-03
-3.82499999999999130e+00 1.54145708258964799e-03
-3.74999999999999112e+00 8.10701256586947696e-04
-3.67499999999999094e+00 9.72999270250547309e-04
-3.59999999999999076e+00 7.29571984435797675e-04
-3.52499999999999059e+00 4.86263068319961087e-04
-3.44999999999999041e+00 4.86263068319961087e-04
-3.37499999999999023e+00 1.21654501216545015e-03
-3.29999999999999005e+00 9.72999270250547309e-04
-3.22499999999998987e+00 4.05186385737439203e-04
-3.14999999999998970e+00 8.91843684125182413e-04
-3.07499999999998952e+00 4.86263068319961087e-04
-2.99999999999998934e+00 2.43072435585804561e-04
-2.92499999999998916e+00 4.86263068319961087e-04
-2.84999999999998899e+00 4.05186385737439203e-04
-2.77499999999998881e+00 6.48455864472724346e-04
-2.69999999999998863e+00 3.24122842557329229e-04
-2.62499999999998845e+00 5.67352893499756847e-04
-2.54999999999998828e+00 8.91843684125182413e-04
-2.47499999999998810e+00 7.29571984435797675e-04
-2.39999999999998792e+00 1.05416801816412588e-03
-2.32499999999998774e+00 6.48455864472724346e-04
-2.24999999999998757e+00 6.48455864472724346e-04
-2.17499999999998739e+00 4.86263068319961087e-04
-2.09999999999998721e+00 7.29571984435797675e-04
-2.02499999999998703e+00 5.67352893499756847e-04
-1.94999999999998708e+00 5.67352893499756847e-04
-1.87499999999998712e+00 4.05186385737439203e-04
-1.79999999999998717e+00 1.05416801816412588e-03
-1.72499999999998721e+00 4.86263068319961087e-04
-1.64999999999998725e+00 5.67352893499756847e-04
-1.57499999999998730e+00 7.29571984435797675e-04
