-1.00000000000000000e+01 4.58883514184860800e-02
-9.00000000000000000e+00 4.77032380578201257e-02
-8.00000000000000000e+00 4.59225363621506774e-02
-7.00000000000000000e+00 4.60251046025104624e-02
-6.00000000000000000e+00 4.61618935530273278e-02
-5.00000000000000000e+00 2.48526774276197800e-02
-4.00000000000000000e+00 1.50225338007010521e-03
-3.00000000000000000e+00 1.06363010698867539e-03
-2.00000000000000000e+00 1.31422492020777273e-03
-1.00000000000000000e+00 7.50562922191643769e-04
0.00000000000000000e+00 9.38379730997810496e-04
1.00000000000000000e+00 1.22023716404367827e-03
2.00000000000000000e+00 9.69689386593262210e-04
3.00000000000000000e+00 9.38379730997810496e-04
4.00000000000000000e+00 7.19266973136942211e-04
5.00000000000000000e+00 1.31422492020777273e-03
6.00000000000000000e+00 1.34555809368839380e-03
7.00000000000000000e+00 9.38379730997810496e-04
8.00000000000000000e+00 1.12626705043173563e-03
9.00000000000000000e+00 1.34555809368839380e-03
-9.00000000000000000e+00 4.69833791388561683e-02
-8.90000000000000036e+00 4.51368476059834101e-02
-8.80000000000000071e+00 4.46932845809800555e-02
-8.70000000000000107e+00 4.58199882345251344e-02
-8.60000000000000142e+00 4.64697995356290264e-02
-8.50000000000000178e+00 4.74974630920815752e-02
-8.40000000000000213e+00 4.55466248448016739e-02
-8.30000000000000249e+00 4.53075490804560124e-02
-8.20000000000000284e+00 4.63671440716761502e-02
-8.10000000000000320e+00 4.58883514184860800e-02
-8.00000000000000355e+00 4.56491193673822862e-02
-7.90000000000000391e+00 4.52392617997713561e-02
-7.80000000000000426e+00 4.74631751227495916e-02
-7.70000000000000462e+00 4.61618935530273278e-02
-7.60000000000000497e+00 4.69148727344107855e-02
-7.50000000000000533e+00 4.62645087461173790e-02
-7.40000000000000568e+00 4.62987182840701034e-02
-7.30000000000000604e+00 4.59567235405635086e-02
-7.20000000000000639e+00 4.69833791388561683e-02
-7.10000000000000675e+00 4.57858099937906438e-02
-7.00000000000000711e+00 4.45568793863228355e-02
-6.90000000000000746e+00 4.50003265626020485e-02
-6.80000000000000782e+00 4.57174602137185027e-02
-6.70000000000000817e+00 4.60592984864829497e-02
-6.60000000000000853e+00 4.72574944364445582e-02
-6.50000000000000888e+00 4.67778868171409845e-02
-6.40000000000000924e+00 4.71204188481675404e-02
-6.30000000000000959e+00 4.69491248159659771e-02
-6.20000000000000995e+00 4.63329300591832083e-02
-6.10000000000001030e+00 4.55807874530305482e-02
-6.00000000000001066e+00 4.64013603217684201e-02
-5.90000000000001101e+00 4.58541687093505929e-02
-5.80000000000001137e+00 4.60934946060804207e-02
-5.70000000000001172e+00 4.74974630920815752e-02
-5.60000000000001208e+00 4.50003265626020485e-02
-5.50000000000001243e+00 4.56149522938178037e-02
-5.40000000000001279e+00 4.46591799425437447e-02
-5.30000000000001315e+00 4.50003265626020485e-02
-5.20000000000001350e+00 4.22434289808813479e-02
-5.10000000000001386e+00 3.65715396326649622e-02
-5.00000000000001421e+00 2.33450591621362329e-02
-4.90000000000001457e+00 1.40380898057483276e-02
-4.80000000000001492e+00 8.63644959969740895e-03
-4.70000000000001528e+00 4.58341181641238118e-03
-4.60000000000001563e+00 3.38642919854508949e-03
-4.50000000000001599e+00 3.19769264530691578e-03
-4.40000000000001634e+00 2.12952524113741706e-03
-4.30000000000001670e+00 1.75306786877034806e-03
-4.20000000000001705e+00 1.53359832243122273e-03
-4.10000000000001741e+00 1.47091039964948513e-03
-4.00000000000001776e+00 1.25156445556946186e-03
-3.90000000000001767e+00 1.22023716404367827e-03
-3.80000000000001759e+00 1.18891183280145168e-03
-3.70000000000001750e+00 9.38379730997810496e-04
-3.60000000000001741e+00 1.18891183280145168e-03
-3.50000000000001732e+00 9.69689386593262210e-04
-3.40000000000001723e+00 9.69689386593262210e-04
-3.30000000000001714e+00 1.09494759893633670e-03
-3.20000000000001705e+00 1.18891183280145168e-03
-3.10000000000001696e+00 1.09494759893633670e-03
-3.00000000000001688e+00 1.31422492020777273e-03
-2.90000000000001679e+00 1.15758846165879298e-03
-2.80000000000001670e+00 1.31422492020777273e-03
-2.70000000000001661e+00 1.47091039964948513e-03
-2.60000000000001652e+00 9.69689386593262210e-04
-2.50000000000001643e+00 9.69689386593262210e-04
-2.40000000000001634e+00 9.07072034030840407e-04
-2.30000000000001625e+00 9.07072034030840407e-04
-2.20000000000001616e+00 1.28289370756281477e-03
-2.10000000000001608e+00 9.38379730997810496e-04
-2.00000000000001599e+00 1.47091039964948513e-03
-1.90000000000001590e+00 8.13160693063113790e-04
-1.80000000000001581e+00 8.44462515247239873e-04
-1.70000000000001572e+00 1.00100100100100099e-03
-1.60000000000001563e+00 7.81860828772478486e-04
-1.50000000000001554e+00 1.00100100100100099e-03
-1.40000000000001545e+00 7.50562922191643769e-04
-1.30000000000001537e+00 1.00100100100100099e-03
-1.20000000000001528e+00 1.15758846165879298e-03
-1.10000000000001519e+00 1.22023716404367827e-03
-1.00000000000001510e+00 1.25156445556946186e-03
