-1.00000000000000000e+01 1.31712259371833847e-02
-9.00000000000000000e+00 1.31327330521890003e-02
-8.00000000000000000e+00 1.35819987837016015e-02
-7.00000000000000000e+00 1.24659874707334049e-02
-6.00000000000000000e+00 1.36462121308110439e-02
-5.00000000000000000e+00 1.36435893905446177e-03
-4.00000000000000000e+00 4.50202591166024685e-04
-3.00000000000000000e+00 3.37613944706338393e-04
-2.00000000000000000e+00 4.75225732222805844e-04
-1.00000000000000000e+00 5.00250125062531230e-04
0.00000000000000000e+00 3.62631453902039467e-04
1.00000000000000000e+00 3.75140677754157799e-04
2.00000000000000000e+00 3.75140677754157799e-04
3.00000000000000000e+00 4.00160064025610271e-04
4.00000000000000000e+00 4.12670226468418201e-04
5.00000000000000000e+00 3.37613944706338393e-04
6.00000000000000000e+00 4.00160064025610271e-04
7.00000000000000000e+00 4.00160064025610271e-04
8.00000000000000000e+00 3.62631453902039467e-04
9.00000000000000000e+00 4.50202591166024685e-04
-8.50000000000000000e+00 1.30429276940610354e-02
-8.42500000000000071e+00 1.27479650095578094e-02
-8.35000000000000142e+00 1.30814137551128959e-02
-8.27500000000000213e+00 1.27736071197984587e-02
-8.20000000000000284e+00 1.36205258156477677e-02
-8.12500000000000355e+00 1.33123915439080920e-02
-8.05000000000000426e+00 1.31583946505236769e-02
-7.97500000000000409e+00 1.39545494873192302e-02
-7.90000000000000391e+00 1.37489704112019259e-02
-7.82500000000000373e+00 1.32225543340594755e-02
-7.75000000000000355e+00 1.29916174943652350e-02
-7.67500000000000338e+00 1.35819987837016015e-02
-7.60000000000000320e+00 1.31968894855492794e-02
-7.52500000000000302e+00 1.29916174943652350e-02
-7.45000000000000284e+00 1.30172719444866542e-02
-7.37500000000000266e+00 1.33508980822334249e-02
-7.30000000000000249e+00 1.33380622442904728e-02
-7.22500000000000231e+00 1.35948408022603159e-02
-7.15000000000000213e+00 1.37361244867960867e-02
-7.07500000000000195e+00 1.35563157227923479e-02
-7.00000000000000178e+00 1.36076831462382478e-02
-6.92500000000000160e+00 1.35948408022603159e-02
-6.85000000000000142e+00 1.31583946505236769e-02
-6.77500000000000124e+00 1.30942430919636296e-02
-6.70000000000000107e+00 1.30942430919636296e-02
-6.62500000000000089e+00 1.33380622442904728e-02
-6.55000000000000071e+00 1.34921137644897701e-02
-6.47500000000000053e+00 1.32738879319079951e-02
-6.40000000000000036e+00 1.31199027404893375e-02
-6.32500000000000018e+00 1.33637342453606939e-02
-6.25000000000000000e+00 1.31070727537516626e-02
-6.17499999999999982e+00 1.36462121308110439e-02
-6.09999999999999964e+00 1.33508980822334249e-02
-6.02499999999999947e+00 1.38645983828859648e-02
-5.94999999999999929e+00 1.37746632367290560e-02
-5.87499999999999911e+00 1.28120727199068207e-02
-5.79999999999999893e+00 1.30429276940610354e-02
-5.72499999999999876e+00 1.26966846842285156e-02
-5.64999999999999858e+00 1.27351444413499760e-02
-5.57499999999999840e+00 1.17745260468704541e-02
-5.49999999999999822e+00 1.02540789008435627e-02
-5.42499999999999805e+00 8.01370898644221570e-03
-5.34999999999999787e+00 5.90971960266566034e-03
-5.27499999999999769e+00 4.38161479454118614e-03
-5.19999999999999751e+00 3.18511273292704320e-03
-5.12499999999999734e+00 2.15463245978854542e-03
-5.04999999999999716e+00 1.46464203898201114e-03
-4.97499999999999698e+00 1.17638224914274280e-03
-4.89999999999999680e+00 1.15132402262601999e-03
-4.82499999999999662e+00 7.63081849910556844e-04
-4.74999999999999645e+00 1.10121133246571224e-03
-4.67499999999999627e+00 7.13008018212976701e-04
-4.59999999999999609e+00 6.25390869293308317e-04
-4.52499999999999591e+00 5.12762790930351752e-04
-4.44999999999999574e+00 4.62714005227417703e-04
-4.37499999999999556e+00 4.75225732222805844e-04
-4.29999999999999538e+00 6.37906665499255788e-04
-4.22499999999999520e+00 6.00360216129677826e-04
-4.14999999999999503e+00 5.37789061620621038e-04
-4.07499999999999485e+00 5.12762790930351752e-04
-3.99999999999999467e+00 5.00250125062531230e-04
-3.92499999999999449e+00 4.25180701798264242e-04
-3.84999999999999432e+00 4.25180701798264242e-04
-3.77499999999999414e+00 4.25180701798264242e-04
-3.69999999999999396e+00 5.87845359148499711e-04
-3.62499999999999378e+00 4.62714005227417703e-04
-3.54999999999999361e+00 5.12762790930351752e-04
-3.47499999999999343e+00 3.75140677754157799e-04
-3.39999999999999325e+00 3.87650214458102498e-04
-3.32499999999999307e+00 4.12670226468418201e-04
-3.24999999999999289e+00 4.00160064025610271e-04
-3.17499999999999272e+00 4.25180701798264242e-04
-3.09999999999999254e+00 4.62714005227417703e-04
-3.02499999999999236e+00 3.87650214458102498e-04
-2.94999999999999218e+00 4.25180701798264242e-04
-2.87499999999999201e+00 3.00090027008102442e-04
-2.79999999999999183e+00 4.12670226468418201e-04
-2.72499999999999165e+00 4.25180701798264242e-04
-2.64999999999999147e+00 4.25180701798264242e-04
-2.57499999999999130e+00 3.87650214458102498e-04
