-1.00000000000000000e+01 3.67279539715802614e-02
-9.00000000000000000e+00 4.24707764619424166e-02
-8.00000000000000000e+00 3.72176402024285494e-02
-7.00000000000000000e+00 4.18187428038198986e-02
-6.00000000000000000e+00 3.81248885454437345e-02
-5.00000000000000000e+00 2.41884831701259032e-02
-4.00000000000000000e+00 4.68475636523266008e-03
-3.00000000000000000e+00 2.18580737400676361e-03
-2.00000000000000000e+00 2.65445343015899195e-03
-1.00000000000000000e+00 2.15756380224386632e-03
0.00000000000000000e+00 2.49629023534469596e-03
1.00000000000000000e+00 2.33974802713553904e-03
2.00000000000000000e+00 2.04019530547602237e-03
3.00000000000000000e+00 2.93381477986131038e-03
4.00000000000000000e+00 2.29301449512734441e-03
5.00000000000000000e+00 2.20363805587112148e-03
6.00000000000000000e+00 2.71131062696484222e-03
7.00000000000000000e+00 1.85037967049535355e-03
8.00000000000000000e+00 2.42941023500266914e-03
9.00000000000000000e+00 2.33312975632518323e-03
-9.00000000000000000e+00 4.46697397813954553e-02
-8.90000000000000036e+00 3.88904859836506633e-02
-8.80000000000000071e+00 4.34245498446449302e-02
-8.70000000000000107e+00 4.06414996728595088e-02
-8.60000000000000142e+00 3.92315202948236991e-02
-8.50000000000000178e+00 4.04225722771532764e-02
-8.40000000000000213e+00 4.63783528299657327e-02
-8.30000000000000249e+00 3.76966150281462103e-02
-8.20000000000000284e+00 3.80629952485514317e-02
-8.10000000000000320e+00 4.04165276218790767e-02
-8.00000000000000355e+00 4.11657963929933715e-02
-7.90000000000000391e+00 3.90657024067459155e-02
-7.80000000000000426e+00 4.17425760612133365e-02
-7.70000000000000462e+00 4.20690845509053904e-02
-7.60000000000000497e+00 4.48069716257212536e-02
-7.50000000000000533e+00 3.87140263659831313e-02
-7.40000000000000568e+00 3.84246493226231833e-02
-7.30000000000000604e+00 3.74854034558703975e-02
-7.20000000000000639e+00 3.46021519514386547e-02
-7.10000000000000675e+00 4.31685108088251668e-02
-7.00000000000000711e+00 4.82468193195237718e-02
-6.90000000000000746e+00 4.02616409306770992e-02
-6.80000000000000782e+00 3.94842748546728253e-02
-6.70000000000000817e+00 4.28017322538128409e-02
-6.60000000000000853e+00 4.32671776314310780e-02
-6.50000000000000888e+00 3.97990812182365608e-02
-6.40000000000000924e+00 4.14724237053365336e-02
-6.30000000000000959e+00 4.50075126348859419e-02
-6.20000000000000995e+00 4.19977469019902350e-02
-6.10000000000001030e+00 4.02826699218319095e-02
-6.00000000000001066e+00 3.65974060943319995e-02
-5.90000000000001101e+00 4.55469912899945442e-02
-5.80000000000001137e+00 3.82806803470186474e-02
-5.70000000000001172e+00 4.09622165874429858e-02
-5.60000000000001208e+00 3.74143169575364351e-02
-5.50000000000001243e+00 3.91361543521157665e-02
-5.40000000000001279e+00 4.11994475056066331e-02
-5.30000000000001315e+00 2.91141233557104633e-02
-5.20000000000001350e+00 2.52873400520892307e-02
-5.10000000000001386e+00 2.28263081446344503e-02
-5.00000000000001421e+00 2.35520136615910078e-02
-4.90000000000001457e+00 2.25519287833827881e-02
-4.80000000000001492e+00 1.64737745885046548e-02
-4.70000000000001528e+00 1.27321396374530174e-02
-4.60000000000001563e+00 1.04808070221407042e-02
-4.50000000000001599e+00 8.83210722633222776e-03
-4.40000000000001634e+00 7.49867569259557356e-03
-4.30000000000001670e+00 4.48315525436882457e-03
-4.20000000000001705e+00 4.81006075866221433e-03
-4.10000000000001741e+00 5.55781016776607691e-03
-4.00000000000001776e+00 5.09360004942576838e-03
-3.90000000000001767e+00 2.67899790249001438e-03
-3.80000000000001759e+00 8.15788560924005438e-03
-3.70000000000001750e+00 4.00330169211720981e-03
-3.60000000000001741e+00 2.50216467925248702e-03
-3.50000000000001732e+00 3.69216806584022608e-03
-3.40000000000001723e+00 3.96187808126999795e-03
-3.30000000000001714e+00 2.43222318902142423e-03
-3.20000000000001705e+00 2.45492485202258512e-03
-3.10000000000001696e+00 2.19838921761998695e-03
-3.00000000000001688e+00 1.96919037558203943e-03
-2.90000000000001679e+00 2.17382331494297152e-03
-2.80000000000001670e+00 2.78629716851963409e-03
-2.70000000000001661e+00 1.83635852844642698e-03
-2.60000000000001652e+00 2.04472406482937834e-03
-2.50000000000001643e+00 2.06804764017336088e-03
-2.40000000000001634e+00 2.17147804814359253e-03
-2.30000000000001625e+00 2.44813900519632839e-03
-2.20000000000001616e+00 2.34803026350117409e-03
-2.10000000000001608e+00 2.03688261267788526e-03
-2.00000000000001599e+00 2.04826481727140870e-03
-1.90000000000001590e+00 2.47628038060839894e-03
-1.80000000000001581e+00 2.09530200423168819e-03
-1.70000000000001572e+00 2.19677301619001066e-03
-1.60000000000001563e+00 1.84397259993307060e-03
-1.50000000000001554e+00 2.29771869358279994e-03
-1.40000000000001545e+00 2.36548848020783466e-03
-1.30000000000001537e+00 2.09074826411954342e-03
-1.20000000000001528e+00 2.29236587257465639e-03
-1.10000000000001519e+00 2.28426395939086311e-03
-1.00000000000001510e+00 2.31383233614918058e-03
