-1.00000000000000000e+01 1.00000000000000000e+00
-9.00000000000000000e+00 1.00000000000000000e+00
-8.00000000000000000e+00 1.00000000000000000e+00
-7.00000000000000000e+00 1.00000000000000000e+00
-6.00000000000000000e+00 1.00000000000000000e+00
-5.00000000000000000e+00 1.00000000000000000e+00
-4.00000000000000000e+00 9.68077559706786439e-01
-3.00000000000000000e+00 7.12401055408971029e-02
-2.00000000000000000e+00 4.29824561403508790e-02
-1.00000000000000000e+00 4.44221357761325139e-02
0.00000000000000000e+00 3.86871334082116575e-02
1.00000000000000000e+00 4.24599198396793595e-02
2.00000000000000000e+00 3.61010830324909743e-02
3.00000000000000000e+00 4.41600802910550733e-02
4.00000000000000000e+00 4.46187637276435553e-02
5.00000000000000000e+00 3.77805486284289310e-02
6.00000000000000000e+00 4.21336004507606582e-02
7.00000000000000000e+00 4.22641036879343804e-02
8.00000000000000000e+00 4.80387836051123854e-02
9.00000000000000000e+00 4.61287078934137784e-02
-6.50000000000000000e+00 1.00000000000000000e+00
-6.42499999999999982e+00 1.00000000000000000e+00
-6.34999999999999964e+00 1.00000000000000000e+00
-6.27499999999999947e+00 1.00000000000000000e+00
-6.19999999999999929e+00 1.00000000000000000e+00
-6.12499999999999911e+00 1.00000000000000000e+00
-6.04999999999999893e+00 1.00000000000000000e+00
-5.97499999999999876e+00 1.00000000000000000e+00
-5.89999999999999858e+00 1.00000000000000000e+00
-5.82499999999999840e+00 1.00000000000000000e+00
-5.74999999999999822e+00 1.00000000000000000e+00
-5.67499999999999805e+00 1.00000000000000000e+00
-5.59999999999999787e+00 1.00000000000000000e+00
-5.52499999999999769e+00 1.00000000000000000e+00
-5.44999999999999751e+00 1.00000000000000000e+00
-5.37499999999999734e+00 1.00000000000000000e+00
-5.29999999999999716e+00 1.00000000000000000e+00
-5.22499999999999698e+00 1.00000000000000000e+00
-5.14999999999999680e+00 1.00000000000000000e+00
-5.07499999999999662e+00 1.00000000000000000e+00
-4.99999999999999645e+00 1.00000000000000000e+00
-4.92499999999999627e+00 1.00000000000000000e+00
-4.84999999999999609e+00 1.00000000000000000e+00
-4.77499999999999591e+00 1.00000000000000000e+00
-4.69999999999999574e+00 1.00000000000000000e+00
-4.62499999999999556e+00 1.00000000000000000e+00
-4.54999999999999538e+00 1.00000000000000000e+00
-4.47499999999999520e+00 1.00000000000000000e+00
-4.39999999999999503e+00 1.00000000000000000e+00
-4.32499999999999485e+00 9.99759730898606480e-01
-4.24999999999999467e+00 9.99519519519519561e-01
-4.17499999999999449e+00 9.80487804878048763e-01
-4.09999999999999432e+00 9.75317432063605105e-01
-4.02499999999999414e+00 9.62971698113207597e-01
-3.94999999999999396e+00 9.49180327868852425e-01
-3.87499999999999378e+00 9.23503582158539449e-01
-3.79999999999999361e+00 8.91375980002272472e-01
-3.72499999999999343e+00 8.40760809465885162e-01
-3.64999999999999325e+00 8.00151400454201411e-01
-3.57499999999999307e+00 7.46144970103849836e-01
-3.49999999999999289e+00 6.93387589013224837e-01
-3.42499999999999272e+00 5.39870490286771476e-01
-3.34999999999999254e+00 3.68351829017673660e-01
-3.27499999999999236e+00 1.12626161352850751e-01
-3.19999999999999218e+00 9.25439747965345200e-02
-3.12499999999999201e+00 8.46419495666905636e-02
-3.04999999999999183e+00 7.34506996840136733e-02
-2.97499999999999165e+00 5.72916666666666644e-02
-2.89999999999999147e+00 6.86954288649203881e-02
-2.82499999999999130e+00 6.37781186094069502e-02
-2.74999999999999112e+00 5.70231140462280905e-02
-2.67499999999999094e+00 4.95586380832282458e-02
-2.59999999999999076e+00 4.92939989914271334e-02
-2.52499999999999059e+00 4.83688121929714068e-02
-2.44999999999999041e+00 4.72475621264548604e-02
-2.37499999999999023e+00 4.46843228316806812e-02
-2.29999999999999005e+00 4.52090920507346450e-02
-2.22499999999998987e+00 4.56030150753768820e-02
-2.14999999999998970e+00 4.34401053093462011e-02
-2.07499999999998952e+00 4.27864436509428070e-02
-1.99999999999998956e+00 3.90112976718057572e-02
-1.92499999999998961e+00 4.36363636363636398e-02
-1.84999999999998965e+00 4.63917525773195893e-02
-1.77499999999998970e+00 4.40291018564977418e-02
-1.69999999999998974e+00 4.13512668126368443e-02
-1.62499999999998979e+00 3.60365967511047519e-02
-1.54999999999998983e+00 4.78408661714717354e-02
-1.47499999999998987e+00 3.45556246115599763e-02
-1.39999999999998992e+00 4.31131720767013379e-02
-1.32499999999998996e+00 4.69182389937106911e-02
-1.24999999999999001e+00 4.16770963704630806e-02
-1.17499999999999005e+00 3.71985793507383644e-02
-1.09999999999999010e+00 4.25905048227483429e-02
-1.02499999999999014e+00 5.29445252704155850e-02
-9.49999999999990186e-01 4.61287078934137784e-02
-8.74999999999990230e-01 4.18074852922768816e-02
-7.99999999999990274e-01 3.68109623170351924e-02
-7.24999999999990319e-01 4.07002188183807415e-02
-6.49999999999990363e-01 3.87519500780031181e-02
-5.74999999999990408e-01 3.77805486284289310e-02
