-1.00000000000000000e+01 1.28450732942260882e-02
-9.00000000000000000e+00 1.30344086295602381e-02
-8.00000000000000000e+00 1.25268052400263272e-02
-7.00000000000000000e+00 1.26386063558260320e-02
-6.00000000000000000e+00 1.25870027730475079e-02
-5.00000000000000000e+00 2.21083646114854197e-03
-4.00000000000000000e+00 7.42860980072859159e-04
-3.00000000000000000e+00 7.84863467333730643e-04
-2.00000000000000000e+00 5.91681213911642240e-04
-1.00000000000000000e+00 8.10066652116246655e-04
0.00000000000000000e+00 7.68062049340641835e-04
1.00000000000000000e+00 7.21861058533698687e-04
2.00000000000000000e+00 5.79084961834944048e-04
3.00000000000000000e+00 6.33671011439650156e-04
4.00000000000000000e+00 6.29471873098470412e-04
5.00000000000000000e+00 6.75664333316546646e-04
6.00000000000000000e+00 6.50467917243694686e-04
7.00000000000000000e+00 6.42069393852919999e-04
8.00000000000000000e+00 5.87482427980948814e-04
9.00000000000000000e+00 6.58866581615524111e-04
-8.50000000000000000e+00 1.29225201038219561e-02
-8.42500000000000071e+00 1.21228070920119356e-02
-8.35000000000000142e+00 1.30344086295602381e-02
-8.27500000000000213e+00 1.27762416272718393e-02
-8.20000000000000284e+00 1.35468294383187821e-02
-8.12500000000000355e+00 1.31979824848410168e-02
-8.05000000000000426e+00 1.28364688242015440e-02
-7.97500000000000409e+00 1.33185443944396995e-02
-7.90000000000000391e+00 1.31075798776342616e-02
-7.82500000000000373e+00 1.23591498467312579e-02
-7.75000000000000355e+00 1.27977505181963366e-02
-7.67500000000000338e+00 1.39002279144130360e-02
-7.60000000000000320e+00 1.32324258172531461e-02
-7.52500000000000302e+00 1.32367313984617339e-02
-7.45000000000000284e+00 1.27332265860257299e-02
-7.37500000000000266e+00 1.32884012272754311e-02
-7.30000000000000249e+00 1.55281751625858718e-02
-7.22500000000000231e+00 1.24494189280421885e-02
-7.15000000000000213e+00 1.24967091574593840e-02
-7.07500000000000195e+00 1.41891633242453505e-02
-7.00000000000000178e+00 1.36804023347659922e-02
-6.92500000000000160e+00 1.26257049670449144e-02
-6.85000000000000142e+00 1.19767594844306362e-02
-6.77500000000000124e+00 1.29784612770296112e-02
-6.70000000000000107e+00 1.43401652245675835e-02
-6.62500000000000089e+00 1.32324258172531461e-02
-6.55000000000000071e+00 1.25913028707321222e-02
-6.47500000000000053e+00 1.30214971535389575e-02
-6.40000000000000036e+00 1.30473204347124148e-02
-6.32500000000000018e+00 1.29139143178777002e-02
-6.25000000000000000e+00 1.34994410653337237e-02
-6.17499999999999982e+00 1.33529959244038533e-02
-6.09999999999999964e+00 1.24064316436186695e-02
-6.02499999999999947e+00 1.27848450740119350e-02
-5.94999999999999929e+00 1.28622826728740907e-02
-5.87499999999999911e+00 1.15517431550725014e-02
-5.79999999999999893e+00 1.05742742106378473e-02
-5.72499999999999876e+00 8.63352565946430735e-03
-5.64999999999999858e+00 8.70179535340203335e-03
-5.57499999999999840e+00 7.88742872359761427e-03
-5.49999999999999822e+00 6.81073503580597196e-03
-5.42499999999999805e+00 5.18940703331169286e-03
-5.34999999999999787e+00 5.79573208026287496e-03
-5.27499999999999769e+00 4.07618421994551065e-03
-5.19999999999999751e+00 3.87750290496960328e-03
-5.12499999999999734e+00 3.72114951528239053e-03
-5.04999999999999716e+00 3.15952443057039740e-03
-4.97499999999999698e+00 2.85574892961987844e-03
-4.89999999999999680e+00 2.30773110939233930e-03
-4.82499999999999662e+00 1.16304457357831442e-03
-4.74999999999999645e+00 1.28496382364921336e-03
-4.67499999999999627e+00 1.32701182972254535e-03
-4.59999999999999609e+00 1.29337314235083165e-03
-4.52499999999999591e+00 1.33962692020190991e-03
-4.44999999999999574e+00 9.36101619497779411e-04
-4.37499999999999556e+00 1.35644753529703260e-03
-4.29999999999999538e+00 9.99131007904889524e-04
-4.22499999999999520e+00 8.89885112473922627e-04
-4.14999999999999503e+00 1.01594018547205536e-03
-4.07499999999999485e+00 1.17145184451181118e-03
-3.99999999999999467e+00 8.43672873188831634e-04
-3.92499999999999449e+00 6.88263017193985215e-04
-3.84999999999999432e+00 6.25272770000335695e-04
-3.77499999999999414e+00 7.68062049340641835e-04
-3.69999999999999396e+00 7.97464901051394529e-04
-3.62499999999999378e+00 6.25272770000335695e-04
-3.54999999999999361e+00 6.08476710029374752e-04
-3.47499999999999343e+00 6.46268637925897301e-04
-3.39999999999999325e+00 7.13461336690798483e-04
-3.32499999999999307e+00 8.43672873188831634e-04
-3.24999999999999289e+00 7.09261528647450886e-04
-3.17499999999999272e+00 7.21861058533698687e-04
-3.09999999999999254e+00 5.95880035081388011e-04
-3.02499999999999236e+00 7.59661551892018973e-04
-2.94999999999999218e+00 5.87482427980948814e-04
-2.87499999999999201e+00 6.29471873098470412e-04
-2.79999999999999183e+00 9.65514346283819218e-04
-2.72499999999999165e+00 6.96662316024492293e-04
-2.64999999999999147e+00 5.87482427980948814e-04
-2.57499999999999130e+00 6.54667231806755701e-04
