-1.00000000000000000e+01 1.94001560932099450e-02
-9.00000000000000000e+00 2.14120801370373121e-02
-8.00000000000000000e+00 2.40433078215419073e-02
-7.00000000000000000e+00 2.05759785682393219e-02
-6.00000000000000000e+00 2.16403456495828372e-02
-5.00000000000000000e+00 1.32619135574436643e-02
-4.00000000000000000e+00 6.56670679654153418e-04
-3.00000000000000000e+00 6.93177672382342194e-04
-2.00000000000000000e+00 2.55269491649040895e-04
-1.00000000000000000e+00 4.01196294405135293e-04
0.00000000000000000e+00 1.82322053675612600e-04
1.00000000000000000e+00 3.28227571115973741e-04
2.00000000000000000e+00 2.18794442621157411e-04
3.00000000000000000e+00 4.37684648210963996e-04
4.00000000000000000e+00 4.37684648210963996e-04
5.00000000000000000e+00 4.01196294405135293e-04
6.00000000000000000e+00 4.74175663845929365e-04
7.00000000000000000e+00 2.55269491649040895e-04
8.00000000000000000e+00 2.18794442621157411e-04
9.00000000000000000e+00 4.74175663845929365e-04
-9.00000000000000000e+00 1.95896215894729026e-02
-8.90000000000000036e+00 2.26688042951418665e-02
-8.80000000000000071e+00 2.17545166697709069e-02
-8.70000000000000107e+00 1.95517228561870419e-02
-8.60000000000000142e+00 2.08418623692731390e-02
-8.50000000000000178e+00 2.06899118073903161e-02
-8.40000000000000213e+00 2.30502405728991826e-02
-8.30000000000000249e+00 2.36993356721654086e-02
-8.20000000000000284e+00 2.00066936893384395e-02
-8.10000000000000320e+00 1.91350226647841286e-02
-8.00000000000000355e+00 2.08798570790531476e-02
-7.90000000000000391e+00 2.09938581797878276e-02
-7.80000000000000426e+00 2.09178546171883729e-02
-7.70000000000000462e+00 1.81136557663041445e-02
-7.60000000000000497e+00 2.29357798165137627e-02
-7.50000000000000533e+00 2.33555945230011566e-02
-7.40000000000000568e+00 1.97033346964571171e-02
-7.30000000000000604e+00 2.20971828886570264e-02
-7.20000000000000639e+00 2.30120841414292107e-02
-7.10000000000000675e+00 2.44257703081232486e-02
-7.00000000000000711e+00 1.97791575268617334e-02
-6.90000000000000746e+00 2.03861463487221457e-02
-6.80000000000000782e+00 2.32410654331119890e-02
-6.70000000000000817e+00 2.17925793473401873e-02
-6.60000000000000853e+00 1.94759338412934385e-02
-6.50000000000000888e+00 2.12219367809672738e-02
-6.40000000000000924e+00 2.17164568278328252e-02
-6.30000000000000959e+00 1.95138269402319355e-02
-6.20000000000000995e+00 2.23638600022363875e-02
-6.10000000000001030e+00 2.05759785682393219e-02
-6.00000000000001066e+00 2.16403456495828372e-02
-5.90000000000001101e+00 2.22495527728085868e-02
-5.80000000000001137e+00 2.00825616423072617e-02
-5.70000000000001172e+00 2.24781927980317597e-02
-5.60000000000001208e+00 1.92486343874252175e-02
-5.50000000000001243e+00 2.14501173053290133e-02
-5.40000000000001279e+00 2.11458992591489515e-02
-5.30000000000001315e+00 2.17545166697709069e-02
-5.20000000000001350e+00 1.95896215894729026e-02
-5.10000000000001386e+00 1.63405958203646055e-02
-5.00000000000001421e+00 1.43860946745562133e-02
-4.90000000000001457e+00 1.10210099520825656e-02
-4.80000000000001492e+00 7.38210665491405901e-03
-4.70000000000001528e+00 3.62239297475301864e-03
-4.60000000000001563e+00 3.25530358449158726e-03
-4.50000000000001599e+00 1.57014532973051915e-03
-4.40000000000001634e+00 1.89940460970887967e-03
-4.30000000000001670e+00 2.30212672659504481e-03
-4.20000000000001705e+00 1.20455540954883924e-03
-4.10000000000001741e+00 6.20166350503429135e-04
-4.00000000000001776e+00 7.66199649737302983e-04
-3.90000000000001767e+00 9.48801226143122984e-04
-3.80000000000001759e+00 1.05839416058394159e-03
-3.70000000000001750e+00 6.20166350503429135e-04
-3.60000000000001741e+00 4.74175663845929365e-04
-3.50000000000001732e+00 5.10669341601313154e-04
-3.40000000000001723e+00 3.28227571115973741e-04
-3.30000000000001714e+00 3.28227571115973741e-04
-3.20000000000001705e+00 4.37684648210963996e-04
-3.10000000000001696e+00 4.01196294405135293e-04
-3.00000000000001688e+00 3.64710602137204108e-04
-2.90000000000001679e+00 5.47165681768439511e-04
-2.80000000000001670e+00 3.28227571115973741e-04
-2.70000000000001661e+00 2.55269491649040895e-04
-2.60000000000001652e+00 2.18794442621157411e-04
-2.50000000000001643e+00 6.20166350503429135e-04
-2.40000000000001634e+00 5.10669341601313154e-04
-2.30000000000001625e+00 8.39232284901116564e-04
-2.20000000000001616e+00 3.28227571115973741e-04
-2.10000000000001608e+00 3.28227571115973741e-04
-2.00000000000001599e+00 3.64710602137204108e-04
-1.90000000000001590e+00 4.37684648210963996e-04
-1.80000000000001581e+00 4.01196294405135293e-04
-1.70000000000001572e+00 4.74175663845929365e-04
-1.60000000000001563e+00 3.28227571115973741e-04
-1.50000000000001554e+00 3.28227571115973741e-04
-1.40000000000001545e+00 3.64710602137204108e-04
-1.30000000000001537e+00 2.91747201050289939e-04
-1.20000000000001528e+00 3.64710602137204108e-04
-1.10000000000001519e+00 5.83664684638675085e-04
-1.00000000000001510e+00 2.91747201050289939e-04
