-1.00000000000000000e+01 1.81148748159057453e-02
-9.00000000000000000e+00 1.89298006364049601e-02
-8.00000000000000000e+00 1.83688105095022314e-02
-7.00000000000000000e+00 1.92980457881120129e-02
-6.00000000000000000e+00 1.83157860793576564e-02
-5.00000000000000000e+00 4.48827552515876881e-03
-4.00000000000000000e+00 5.46937907354795626e-04
-3.00000000000000000e+00 4.99644192771813963e-04
-2.00000000000000000e+00 5.15894089977998608e-04
-1.00000000000000000e+00 3.48236861628840085e-04
0.00000000000000000e+00 4.23902018076393174e-04
1.00000000000000000e+00 4.84686922540971201e-04
2.00000000000000000e+00 6.04905785923842373e-04
3.00000000000000000e+00 3.49427243170976275e-04
4.00000000000000000e+00 5.45413226270737082e-04
5.00000000000000000e+00 5.75434983418386648e-04
6.00000000000000000e+00 4.68731099552437429e-04
7.00000000000000000e+00 5.62284394328526021e-04
8.00000000000000000e+00 6.56648952415857354e-04
9.00000000000000000e+00 6.08485327897531039e-04
-8.50000000000000000e+00 1.77814720646717501e-02
-8.42500000000000071e+00 1.83716007691189058e-02
-8.35000000000000142e+00 1.88679245283018861e-02
-8.27500000000000213e+00 1.88157616561773280e-02
-8.20000000000000284e+00 1.84327286963330284e-02
-8.12500000000000355e+00 1.80577324973876692e-02
-8.05000000000000426e+00 1.89647005014783009e-02
-7.97500000000000409e+00 1.90602980809819154e-02
-7.90000000000000391e+00 1.83269528386413617e-02
-7.82500000000000373e+00 1.73407581086361846e-02
-7.75000000000000355e+00 1.89004274129328971e-02
-7.67500000000000338e+00 1.81382004441346667e-02
-7.60000000000000320e+00 1.82699233841922583e-02
-7.52500000000000302e+00 1.97805064983774433e-02
-7.45000000000000284e+00 1.91225730918078637e-02
-7.37500000000000266e+00 1.92106125122829992e-02
-7.30000000000000249e+00 1.92187653996517618e-02
-7.22500000000000231e+00 1.80167007830522793e-02
-7.15000000000000213e+00 1.81664279203021216e-02
-7.07500000000000195e+00 1.86319302679757610e-02
-7.00000000000000178e+00 1.83625008132197003e-02
-6.92500000000000160e+00 1.86649742888758720e-02
-6.85000000000000142e+00 1.82420415422520285e-02
-6.77500000000000124e+00 1.85360441210064286e-02
-6.70000000000000107e+00 1.84552513281569276e-02
-6.62500000000000089e+00 1.89315899615528117e-02
-6.55000000000000071e+00 1.97445208144209558e-02
-6.47500000000000053e+00 1.90402176024868849e-02
-6.40000000000000036e+00 1.80301094742969861e-02
-6.32500000000000018e+00 1.83396129198467144e-02
-6.25000000000000000e+00 1.87646981970211665e-02
-6.17499999999999982e+00 1.90828546392756287e-02
-6.09999999999999964e+00 1.89625425286614954e-02
-6.02499999999999947e+00 1.84656571032302819e-02
-5.94999999999999929e+00 1.83232608975183245e-02
-5.87499999999999911e+00 1.84565378302706529e-02
-5.79999999999999893e+00 1.79331844257685086e-02
-5.72499999999999876e+00 1.83288928835104170e-02
-5.64999999999999858e+00 1.83297767302608543e-02
-5.57499999999999840e+00 1.75474618567773334e-02
-5.49999999999999822e+00 1.73258772894348267e-02
-5.42499999999999805e+00 1.61145503520627557e-02
-5.34999999999999787e+00 1.34310704391944463e-02
-5.27499999999999769e+00 1.19408525644991645e-02
-5.19999999999999751e+00 9.84004175493537192e-03
-5.12499999999999734e+00 6.00774602787350169e-03
-5.04999999999999716e+00 5.27353602054386229e-03
-4.97499999999999698e+00 4.34471088616857504e-03
-4.89999999999999680e+00 3.06906925157251825e-03
-4.82499999999999662e+00 2.03242784122795042e-03
-4.74999999999999645e+00 1.54625109905102628e-03
-4.67499999999999627e+00 1.32476550127908388e-03
-4.59999999999999609e+00 1.23214530187559898e-03
-4.52499999999999591e+00 9.10277027642079082e-04
-4.44999999999999574e+00 6.84244138308548510e-04
-4.37499999999999556e+00 9.27164396887159492e-04
-4.29999999999999538e+00 6.07828835399951400e-04
-4.22499999999999520e+00 8.17958738525856603e-04
-4.14999999999999503e+00 6.67830310389314736e-04
-4.07499999999999485e+00 6.72351089514379159e-04
-3.99999999999999467e+00 5.77174276253835197e-04
-3.92499999999999449e+00 6.05565143670330373e-04
-3.84999999999999432e+00 6.84296163379510694e-04
-3.77499999999999414e+00 5.80002136849977891e-04
-3.69999999999999396e+00 4.98233535646344823e-04
-3.62499999999999378e+00 4.72950294449699462e-04
-3.54999999999999361e+00 6.95799488738636568e-04
-3.47499999999999343e+00 5.32278914151015155e-04
-3.39999999999999325e+00 6.68063526768090834e-04
-3.32499999999999307e+00 6.35872280510514556e-04
-3.24999999999999289e+00 5.76307687641233312e-04
-3.17499999999999272e+00 6.97254937625998560e-04
-3.09999999999999254e+00 5.76587512328351442e-04
-3.02499999999999236e+00 5.33422745145852983e-04
-2.94999999999999218e+00 5.76762540790771842e-04
-2.87499999999999201e+00 4.99659323188734951e-04
-2.79999999999999183e+00 5.46971147271981440e-04
-2.72499999999999165e+00 5.46589131986092297e-04
-2.64999999999999147e+00 6.06510894451941542e-04
-2.57499999999999130e+00 5.14886270709028642e-04
