-1.00000000000000000e+01 4.79510127178520984e-02
-9.00000000000000000e+00 5.29105537150970154e-02
-8.00000000000000000e+00 4.33314575126617918e-02
-7.00000000000000000e+00 4.56852791878172571e-02
-6.00000000000000000e+00 4.51940242412853521e-02
-5.00000000000000000e+00 4.39189189189189214e-02
-4.00000000000000000e+00 1.35025654874426138e-03
-3.00000000000000000e+00 6.29666276873257148e-04
-2.00000000000000000e+00 5.39665407447382627e-04
-1.00000000000000000e+00 5.39665407447382627e-04
0.00000000000000000e+00 4.49680726684054339e-04
1.00000000000000000e+00 5.39665407447382627e-04
2.00000000000000000e+00 3.59712230215827346e-04
3.00000000000000000e+00 7.19683339330694444e-04
4.00000000000000000e+00 4.49680726684054339e-04
5.00000000000000000e+00 5.39665407447382627e-04
6.00000000000000000e+00 8.09716599190283366e-04
7.00000000000000000e+00 6.29666276873257148e-04
8.00000000000000000e+00 5.39665407447382627e-04
9.00000000000000000e+00 8.99766060824185726e-04
-7.50000000000000000e+00 4.54887218045112798e-02
-7.42499999999999982e+00 4.96320060388752565e-02
-7.34999999999999964e+00 4.66691757621377490e-02
-7.27499999999999947e+00 3.94318818912352820e-02
-7.19999999999999929e+00 4.73590057433386710e-02
-7.12499999999999911e+00 4.81484971261660205e-02
-7.04999999999999893e+00 4.67676672626329143e-02
-6.97499999999999876e+00 4.38209627474899152e-02
-6.89999999999999858e+00 3.95290159798149729e-02
-6.82499999999999840e+00 4.57835855974428885e-02
-6.74999999999999822e+00 4.51940242412853521e-02
-6.67499999999999805e+00 4.67676672626329143e-02
-6.59999999999999787e+00 4.67676672626329143e-02
-6.52499999999999769e+00 4.93349683992076252e-02
-6.44999999999999751e+00 4.35272045028142623e-02
-6.37499999999999734e+00 4.25492033739456391e-02
-6.29999999999999716e+00 5.51076543678269970e-02
-6.22499999999999698e+00 4.56852791878172571e-02
-6.14999999999999680e+00 4.61769961440797530e-02
-6.07499999999999662e+00 5.12190512190512162e-02
-5.99999999999999645e+00 4.41148864276328170e-02
-5.92499999999999627e+00 4.73590057433386710e-02
-5.84999999999999609e+00 4.66691757621377490e-02
-5.77499999999999591e+00 4.52922383010712290e-02
-5.69999999999999574e+00 5.01274426508071386e-02
-5.62499999999999556e+00 4.61769961440797530e-02
-5.54999999999999538e+00 4.93349683992076252e-02
-5.47499999999999520e+00 5.74144486692015205e-02
-5.39999999999999503e+00 4.28424111746507907e-02
-5.32499999999999485e+00 4.33314575126617918e-02
-5.24999999999999467e+00 4.27446569178852667e-02
-5.17499999999999449e+00 5.06233471854930089e-02
-5.09999999999999432e+00 4.87413971905345522e-02
-5.02499999999999414e+00 4.22561604047596712e-02
-4.94999999999999396e+00 4.27446569178852667e-02
-4.87499999999999378e+00 4.57835855974428885e-02
-4.79999999999999361e+00 3.97233386297784832e-02
-4.72499999999999343e+00 3.74930050363738096e-02
-4.64999999999999325e+00 3.44058024920959674e-02
-4.57499999999999307e+00 2.87616757606584672e-02
-4.49999999999999289e+00 1.80287361581403863e-02
-4.42499999999999272e+00 9.98728890502996111e-03
-4.34999999999999254e+00 6.33254930341957661e-03
-4.27499999999999236e+00 1.00789975483519482e-02
-4.19999999999999218e+00 4.24302609009659642e-03
-4.12499999999999201e+00 1.98162493244460457e-03
-4.04999999999999183e+00 2.52343186733958169e-03
-3.97499999999999165e+00 1.17001170011700115e-03
-3.89999999999999147e+00 1.17001170011700115e-03
-3.82499999999999130e+00 9.89831728606137056e-04
-3.74999999999999112e+00 8.99766060824185726e-04
-3.67499999999999094e+00 6.29666276873257148e-04
-3.59999999999999076e+00 5.39665407447382627e-04
-3.52499999999999059e+00 6.29666276873257148e-04
-3.44999999999999041e+00 9.89831728606137056e-04
-3.37499999999999023e+00 5.39665407447382627e-04
-3.29999999999999005e+00 1.17001170011700115e-03
-3.22499999999998987e+00 2.69759913676827614e-04
-3.14999999999998970e+00 4.49680726684054339e-04
-3.07499999999998952e+00 8.99766060824185726e-04
-2.99999999999998934e+00 6.29666276873257148e-04
-2.92499999999998916e+00 3.59712230215827346e-04
-2.84999999999998899e+00 6.29666276873257148e-04
-2.77499999999998881e+00 2.69759913676827614e-04
-2.69999999999998863e+00 2.69759913676827614e-04
-2.62499999999998845e+00 3.59712230215827346e-04
-2.54999999999998828e+00 2.69759913676827614e-04
-2.47499999999998810e+00 4.49680726684054339e-04
-2.39999999999998792e+00 5.39665407447382627e-04
-2.32499999999998774e+00 4.49680726684054339e-04
-2.24999999999998757e+00 5.39665407447382627e-04
-2.17499999999998739e+00 4.49680726684054339e-04
-2.09999999999998721e+00 3.59712230215827346e-04
-2.02499999999998703e+00 2.69759913676827614e-04
-1.94999999999998708e+00 4.49680726684054339e-04
-1.87499999999998712e+00 8.99038029308639778e-05
-1.79999999999998717e+00 1.17001170011700115e-03
-1.72499999999998721e+00 6.29666276873257148e-04
-1.64999999999998725e+00 9.89831728606137056e-04
-1.57499999999998730e+00 7.19683339330694444e-04
