-1.00000000000000000e+01 1.90971577187441961e-02
-9.00000000000000000e+00 1.76603717582458353e-02
-8.00000000000000000e+00 2.11839166046165310e-02
-7.00000000000000000e+00 2.22114560429322108e-02
-6.00000000000000000e+00 1.91728904247018168e-02
-5.00000000000000000e+00 1.66419570051890287e-02
-4.00000000000000000e+00 9.12275580207268992e-04
-3.00000000000000000e+00 4.01196294405135293e-04
-2.00000000000000000e+00 5.10669341601313154e-04
-1.00000000000000000e+00 7.29687328979532223e-04
0.00000000000000000e+00 4.37684648210963996e-04
1.00000000000000000e+00 4.37684648210963996e-04
2.00000000000000000e+00 4.37684648210963996e-04
3.00000000000000000e+00 1.82322053675612600e-04
4.00000000000000000e+00 3.28227571115973741e-04
5.00000000000000000e+00 3.28227571115973741e-04
6.00000000000000000e+00 5.83664684638675085e-04
7.00000000000000000e+00 2.18794442621157411e-04
8.00000000000000000e+00 1.82322053675612600e-04
9.00000000000000000e+00 2.91747201050289939e-04
-7.50000000000000000e+00 1.93622714434368952e-02
-7.42499999999999982e+00 2.11458992591489515e-02
-7.34999999999999964e+00 2.00066936893384395e-02
-7.27499999999999947e+00 2.38139673771042525e-02
-7.19999999999999929e+00 2.27832053098665083e-02
-7.12499999999999911e+00 2.15262001415217306e-02
-7.04999999999999893e+00 2.25925511687730673e-02
-6.97499999999999876e+00 1.93243896094243556e-02
-6.89999999999999858e+00 2.11458992591489515e-02
-6.82499999999999840e+00 1.99308370207860776e-02
-6.74999999999999822e+00 2.13740458015267178e-02
-6.67499999999999805e+00 2.19448584202682553e-02
-6.59999999999999787e+00 2.29357798165137627e-02
-6.52499999999999769e+00 1.88321818587029212e-02
-6.44999999999999751e+00 2.32028947662923854e-02
-6.37499999999999734e+00 2.18687132106400416e-02
-6.29999999999999716e+00 2.18687132106400416e-02
-6.22499999999999698e+00 2.32028947662923854e-02
-6.14999999999999680e+00 2.09938581797878276e-02
-6.07499999999999662e+00 1.87564997771504961e-02
-5.99999999999999645e+00 2.01963847355501012e-02
-5.92499999999999627e+00 2.17545166697709069e-02
-5.84999999999999609e+00 2.09938581797878276e-02
-5.77499999999999591e+00 2.01204998512347528e-02
-5.69999999999999574e+00 2.19448584202682553e-02
-5.62499999999999556e+00 2.17545166697709069e-02
-5.54999999999999538e+00 2.03481883788408612e-02
-5.47499999999999520e+00 2.05380064739368248e-02
-5.39999999999999503e+00 1.97033346964571171e-02
-5.32499999999999485e+00 2.13360142984807856e-02
-5.24999999999999467e+00 1.92107609988109405e-02
-5.17499999999999449e+00 2.23638600022363875e-02
-5.09999999999999432e+00 2.04241071428571432e-02
-5.02499999999999414e+00 1.47238355961673631e-02
-4.94999999999999396e+00 1.02018267530936940e-02
-4.87499999999999378e+00 1.09837455309424650e-02
-4.79999999999999361e+00 6.49493615147512127e-03
-4.72499999999999343e+00 6.53187039007742821e-03
-4.64999999999999325e+00 5.16710642040457344e-03
-4.57499999999999307e+00 2.88848263254113356e-03
-4.49999999999999289e+00 1.86280955511724752e-03
-4.42499999999999272e+00 1.46044032275731124e-03
-4.34999999999999254e+00 1.31420435877779005e-03
-4.27499999999999236e+00 6.20166350503429135e-04
-4.19999999999999218e+00 1.05839416058394159e-03
-4.12499999999999201e+00 5.47165681768439511e-04
-4.04999999999999183e+00 1.46044032275731124e-03
-3.97499999999999165e+00 4.74175663845929365e-04
-3.89999999999999147e+00 6.93177672382342194e-04
-3.82499999999999130e+00 4.37684648210963996e-04
-3.74999999999999112e+00 3.64710602137204108e-04
-3.67499999999999094e+00 6.56670679654153418e-04
-3.59999999999999076e+00 6.20166350503429135e-04
-3.52499999999999059e+00 4.37684648210963996e-04
-3.44999999999999041e+00 6.20166350503429135e-04
-3.37499999999999023e+00 4.37684648210963996e-04
-3.29999999999999005e+00 4.01196294405135293e-04
-3.22499999999998987e+00 4.01196294405135293e-04
-3.14999999999998970e+00 4.74175663845929365e-04
-3.07499999999998952e+00 2.91747201050289939e-04
-2.99999999999998934e+00 4.74175663845929365e-04
-2.92499999999998916e+00 2.18794442621157411e-04
-2.84999999999998899e+00 1.45852324521422049e-04
-2.77499999999998881e+00 3.28227571115973741e-04
-2.69999999999998863e+00 6.20166350503429135e-04
-2.62499999999998845e+00 4.01196294405135293e-04
-2.54999999999998828e+00 2.55269491649040895e-04
-2.47499999999998810e+00 6.20166350503429135e-04
-2.39999999999998792e+00 3.64710602137204108e-04
-2.32499999999998774e+00 2.91747201050289939e-04
-2.24999999999998757e+00 1.82322053675612600e-04
-2.17499999999998739e+00 2.91747201050289939e-04
-2.09999999999998721e+00 4.01196294405135293e-04
-2.02499999999998703e+00 4.74175663845929365e-04
-1.94999999999998708e+00 4.01196294405135293e-04
-1.87499999999998712e+00 4.01196294405135293e-04
-1.79999999999998717e+00 6.56670679654153418e-04
-1.72499999999998721e+00 5.83664684638675085e-04
-1.64999999999998725e+00 5.10669341601313154e-04
-1.57499999999998730e+00 3.64710602137204108e-04
