-1.00000000000000000e+01 1.50621118012422353e-02
-9.00000000000000000e+00 1.54745118657840016e-02
-8.00000000000000000e+00 1.45410264675333977e-02
-7.00000000000000000e+00 1.60572945311939566e-02
-6.00000000000000000e+00 1.51227378605984595e-02
-5.00000000000000000e+00 2.64284955814858948e-03
-4.00000000000000000e+00 5.18031011220080814e-04
-3.00000000000000000e+00 5.76932133942448114e-04
-2.00000000000000000e+00 5.88713190707750955e-04
-1.00000000000000000e+00 5.06251618827850930e-04
0.00000000000000000e+00 6.24058025621703036e-04
1.00000000000000000e+00 5.06251618827850930e-04
2.00000000000000000e+00 4.59136822773186404e-04
3.00000000000000000e+00 5.76932133942448114e-04
4.00000000000000000e+00 4.12026463871165236e-04
5.00000000000000000e+00 6.00494524902861222e-04
6.00000000000000000e+00 4.82693666117259247e-04
7.00000000000000000e+00 5.18031011220080814e-04
8.00000000000000000e+00 5.53370852662067006e-04
9.00000000000000000e+00 3.53144754034678831e-04
-8.50000000000000000e+00 1.51348639415151594e-02
-8.42500000000000071e+00 1.56322828152450598e-02
-8.35000000000000142e+00 1.46379320637573876e-02
-8.27500000000000213e+00 1.46258178518553893e-02
-8.20000000000000284e+00 1.55230515523051560e-02
-8.12500000000000355e+00 1.53167899258055649e-02
-8.05000000000000426e+00 1.60815916590941708e-02
-7.97500000000000409e+00 1.63854038344237000e-02
-7.90000000000000391e+00 1.50257396414366414e-02
-7.82500000000000373e+00 1.52561406862276594e-02
-7.75000000000000355e+00 1.44925806105029430e-02
-7.67500000000000338e+00 1.50499874583437838e-02
-7.60000000000000320e+00 1.50742364337844454e-02
-7.52500000000000302e+00 1.60937406588150880e-02
-7.45000000000000284e+00 1.50984865678416569e-02
-7.37500000000000266e+00 1.50378634050787122e-02
-7.30000000000000249e+00 1.49772474828908236e-02
-7.22500000000000231e+00 1.61666407585885283e-02
-7.15000000000000213e+00 1.58993915195275622e-02
-7.07500000000000195e+00 1.53410516505967948e-02
-7.00000000000000178e+00 1.52682699544819181e-02
-6.92500000000000160e+00 1.55594593625640841e-02
-6.85000000000000142e+00 1.54381101458973095e-02
-6.77500000000000124e+00 1.58386726594625625e-02
-6.70000000000000107e+00 1.44078114928259358e-02
-6.62500000000000089e+00 1.51348639415151594e-02
-6.55000000000000071e+00 1.51954986918969286e-02
-6.47500000000000053e+00 1.53895785788536674e-02
-6.40000000000000036e+00 1.44562492539095141e-02
-6.32500000000000018e+00 1.54017110357023371e-02
-6.25000000000000000e+00 1.52440117077832869e-02
-6.17499999999999982e+00 1.56565596204180646e-02
-6.09999999999999964e+00 1.50621118012422353e-02
-6.02499999999999947e+00 1.52076265112056196e-02
-5.94999999999999929e+00 1.61301894011861499e-02
-5.87499999999999911e+00 1.51227378605984595e-02
-5.79999999999999893e+00 1.61301894011861499e-02
-5.72499999999999876e+00 1.48681570650616227e-02
-5.64999999999999858e+00 1.45289145695047996e-02
-5.57499999999999840e+00 1.39720797040925899e-02
-5.49999999999999822e+00 1.29085317886004428e-02
-5.42499999999999805e+00 1.22449465772515569e-02
-5.34999999999999787e+00 8.96397786906655974e-03
-5.27499999999999769e+00 7.99459119646055497e-03
-5.19999999999999751e+00 6.62149676624576491e-03
-5.12499999999999734e+00 4.07627959733446784e-03
-5.04999999999999716e+00 3.24652326871768251e-03
-4.97499999999999698e+00 2.57187688024255881e-03
-4.89999999999999680e+00 1.73279581299950482e-03
-4.82499999999999662e+00 1.34327830605535711e-03
-4.74999999999999645e+00 1.06018305827472871e-03
-4.67499999999999627e+00 1.14273596908722494e-03
-4.59999999999999609e+00 8.47966646645231955e-04
-4.52499999999999591e+00 1.03659901287503093e-03
-4.44999999999999574e+00 6.94755187112880012e-04
-4.37499999999999556e+00 7.89033610476482048e-04
-4.29999999999999538e+00 6.82971633126479294e-04
-4.22499999999999520e+00 5.18031011220080814e-04
-4.14999999999999503e+00 6.24058025621703036e-04
-4.07499999999999485e+00 6.24058025621703036e-04
-3.99999999999999467e+00 5.18031011220080814e-04
-3.92499999999999449e+00 5.41590628127391568e-04
-3.84999999999999432e+00 6.59405357668531029e-04
-3.77499999999999414e+00 6.35840192165035875e-04
-3.69999999999999396e+00 5.29810680983328671e-04
-3.62499999999999378e+00 4.82693666117259247e-04
-3.54999999999999361e+00 6.24058025621703036e-04
-3.47499999999999343e+00 4.23803637647889833e-04
-3.39999999999999325e+00 5.76932133942448114e-04
-3.32499999999999307e+00 5.06251618827850930e-04
-3.24999999999999289e+00 5.06251618827850930e-04
-3.17499999999999272e+00 4.35581088717272558e-04
-3.09999999999999254e+00 4.47358817089106792e-04
-3.02499999999999236e+00 4.23803637647889833e-04
-2.94999999999999218e+00 4.70915105779305644e-04
-2.87499999999999201e+00 4.70915105779305644e-04
-2.79999999999999183e+00 4.94472503796842492e-04
-2.72499999999999165e+00 4.59136822773186404e-04
-2.64999999999999147e+00 5.65151354597153029e-04
-2.57499999999999130e+00 4.47358817089106792e-04
