-1.00000000000000000e+01 3.22046069712202399e-02
-9.00000000000000000e+00 3.25468309664585301e-02
-8.00000000000000000e+00 2.64776972094045264e-02
-7.00000000000000000e+00 2.82286909150938209e-02
-6.00000000000000000e+00 3.72467388287538170e-02
-5.00000000000000000e+00 2.78327832783278328e-02
-4.00000000000000000e+00 5.35446562433069162e-04
-3.00000000000000000e+00 2.67651624645361575e-04
-2.00000000000000000e+00 7.49785775492716367e-04
-1.00000000000000000e+00 5.35446562433069162e-04
0.00000000000000000e+00 3.21199143468950735e-04
1.00000000000000000e+00 5.89022757697456453e-04
2.00000000000000000e+00 4.28311382374986613e-04
3.00000000000000000e+00 5.35446562433069162e-04
4.00000000000000000e+00 8.56989823245848936e-04
5.00000000000000000e+00 3.21199143468950735e-04
6.00000000000000000e+00 4.28311382374986613e-04
7.00000000000000000e+00 4.28311382374986613e-04
8.00000000000000000e+00 6.42604691014244376e-04
9.00000000000000000e+00 2.14109838347072053e-04
-7.50000000000000000e+00 3.31177088516614176e-02
-7.42499999999999982e+00 3.31748313612739154e-02
-7.34999999999999964e+00 2.90780923009141962e-02
-7.27499999999999947e+00 3.19765836416855340e-02
-7.19999999999999929e+00 2.81155433287482819e-02
-7.12499999999999911e+00 2.64776972094045264e-02
-7.04999999999999893e+00 2.70418819391008008e-02
-6.97499999999999876e+00 2.73242069382593870e-02
-6.89999999999999858e+00 2.88514480784054610e-02
-6.82499999999999840e+00 3.06105565054326859e-02
-6.74999999999999822e+00 3.99599287622439889e-02
-6.67499999999999805e+00 2.68161336410594579e-02
-6.59999999999999787e+00 3.42613604915038492e-02
-6.52499999999999769e+00 2.57451830707580848e-02
-6.44999999999999751e+00 3.00424452896753194e-02
-6.37499999999999734e+00 3.71315979352833461e-02
-6.29999999999999716e+00 2.90780923009141962e-02
-6.22499999999999698e+00 3.38035961272475788e-02
-6.14999999999999680e+00 2.60267955194377343e-02
-6.07499999999999662e+00 3.00992282249173092e-02
-5.99999999999999645e+00 3.25468309664585301e-02
-5.92499999999999627e+00 2.73806905652078277e-02
-5.84999999999999609e+00 3.01560174210265160e-02
-5.77499999999999591e+00 3.97284665034498136e-02
-5.69999999999999574e+00 2.92481410079867797e-02
-5.62499999999999556e+00 3.26609560652113828e-02
-5.54999999999999538e+00 3.54075469607136942e-02
-5.47499999999999520e+00 2.71547933157431851e-02
-5.39999999999999503e+00 3.47768302137556745e-02
-5.32499999999999485e+00 4.44357498183444166e-02
-5.24999999999999467e+00 3.21475916924436611e-02
-5.17499999999999449e+00 3.16916961130742081e-02
-5.09999999999999432e+00 4.05969816784540818e-02
-5.02499999999999414e+00 2.99288981976519874e-02
-4.94999999999999396e+00 2.44517543859649120e-02
-4.87499999999999378e+00 2.37221278693913323e-02
-4.79999999999999361e+00 1.96442213248935946e-02
-4.72499999999999343e+00 1.83661234944683636e-02
-4.64999999999999325e+00 1.58747417636185724e-02
-4.57499999999999307e+00 1.14755873118978016e-02
-4.49999999999999289e+00 1.08189981607703118e-02
-4.42499999999999272e+00 8.74541135823796167e-03
-4.34999999999999254e+00 3.54457572502685269e-03
-4.27499999999999236e+00 3.97592950784440152e-03
-4.19999999999999218e+00 2.46781115879828343e-03
-4.12499999999999201e+00 2.41403358188938379e-03
-4.04999999999999183e+00 2.57538362485245200e-03
-3.97499999999999165e+00 2.79059783192014618e-03
-3.89999999999999147e+00 1.33969240662343931e-03
-3.82499999999999130e+00 4.81876104299405706e-04
-3.74999999999999112e+00 1.93029490616621990e-03
-3.67499999999999094e+00 6.42604691014244376e-04
-3.59999999999999076e+00 1.93029490616621990e-03
-3.52499999999999059e+00 5.35446562433069162e-04
-3.44999999999999041e+00 8.03384928498741412e-04
-3.37499999999999023e+00 6.96192363305307162e-04
-3.29999999999999005e+00 5.89022757697456453e-04
-3.22499999999998987e+00 8.03384928498741412e-04
-3.14999999999998970e+00 2.67651624645361575e-04
-3.07499999999998952e+00 5.89022757697456453e-04
-2.99999999999998934e+00 8.56989823245848936e-04
-2.92499999999998916e+00 3.74752395738529897e-04
-2.84999999999998899e+00 6.42604691014244376e-04
-2.77499999999998881e+00 4.28311382374986613e-04
-2.69999999999998863e+00 5.89022757697456453e-04
-2.62499999999998845e+00 1.60573783653588834e-04
-2.54999999999998828e+00 5.89022757697456453e-04
-2.47499999999998810e+00 2.14109838347072053e-04
-2.39999999999998792e+00 8.56989823245848936e-04
-2.32499999999998774e+00 4.28311382374986613e-04
-2.24999999999998757e+00 2.14109838347072053e-04
-2.17499999999998739e+00 7.49785775492716367e-04
-2.09999999999998721e+00 2.14109838347072053e-04
-2.02499999999998703e+00 5.89022757697456453e-04
-1.94999999999998708e+00 3.21199143468950735e-04
-1.87499999999998712e+00 3.74752395738529897e-04
-1.79999999999998717e+00 2.67651624645361575e-04
-1.72499999999998721e+00 9.10600460656703662e-04
-1.64999999999998725e+00 4.28311382374986613e-04
-1.57499999999998730e+00 4.81876104299405706e-04
