-1.00000000000000000e+01 1.86881246187772715e-01
-9.00000000000000000e+00 1.89438700147710498e-01
-8.00000000000000000e+00 1.89675364219796694e-01
-7.00000000000000000e+00 1.95677929955926255e-01
-6.00000000000000000e+00 1.89504649838679068e-01
-5.00000000000000000e+00 1.94506310319227910e-01
-4.00000000000000000e+00 1.11911603998866724e-01
-3.00000000000000000e+00 3.72648335745296658e-03
-2.00000000000000000e+00 2.48711386656093412e-03
-1.00000000000000000e+00 2.39590518023741249e-03
0.00000000000000000e+00 3.03907380607814758e-03
1.00000000000000000e+00 2.33998128014975895e-03
2.00000000000000000e+00 2.69924705213808779e-03
3.00000000000000000e+00 1.87806992198786475e-03
4.00000000000000000e+00 3.35276967930029160e-03
5.00000000000000000e+00 2.38586995228260096e-03
6.00000000000000000e+00 2.27164474407357203e-03
7.00000000000000000e+00 3.49052571591394788e-03
8.00000000000000000e+00 2.04976985040276199e-03
9.00000000000000000e+00 2.51445813427206418e-03
-8.00000000000000000e+00 1.95220230651660415e-01
-7.90000000000000036e+00 1.97307530500631045e-01
-7.80000000000000071e+00 1.95187413234613610e-01
-7.70000000000000107e+00 1.92680652680652681e-01
-7.60000000000000142e+00 1.91524310118265428e-01
-7.50000000000000178e+00 1.82291911177878962e-01
-7.40000000000000213e+00 1.96391558319201048e-01
-7.30000000000000249e+00 1.96823009681361016e-01
-7.20000000000000284e+00 1.98548812664907648e-01
-7.10000000000000320e+00 1.95584194068037537e-01
-7.00000000000000355e+00 1.91968518869713639e-01
-6.90000000000000391e+00 2.01837023080546407e-01
-6.80000000000000426e+00 2.04993367443623259e-01
-6.70000000000000462e+00 1.95522459305933455e-01
-6.60000000000000497e+00 1.94077406053790646e-01
-6.50000000000000533e+00 2.00387633544483301e-01
-6.40000000000000568e+00 1.96351981901305567e-01
-6.30000000000000604e+00 2.00875005880415874e-01
-6.20000000000000639e+00 1.97227004140883067e-01
-6.10000000000000675e+00 2.02667814113597244e-01
-6.00000000000000711e+00 2.05652835934526074e-01
-5.90000000000000746e+00 1.94055617767823818e-01
-5.80000000000000782e+00 1.97515117157974290e-01
-5.70000000000000817e+00 2.07501803318105305e-01
-5.60000000000000853e+00 2.04282655246252665e-01
-5.50000000000000888e+00 1.96557546196416855e-01
-5.40000000000000924e+00 1.94539573820395745e-01
-5.30000000000000959e+00 1.95111553218701161e-01
-5.20000000000000995e+00 1.86132066685293834e-01
-5.10000000000001030e+00 2.00162384181870295e-01
-5.00000000000001066e+00 1.94613583138173313e-01
-4.90000000000001101e+00 1.92248639091797319e-01
-4.80000000000001137e+00 1.84271005699577134e-01
-4.70000000000001172e+00 1.86839067190025410e-01
-4.60000000000001208e+00 1.68895560407569145e-01
-4.50000000000001243e+00 1.70717303411620419e-01
-4.40000000000001279e+00 1.53910149750415975e-01
-4.30000000000001315e+00 1.47814854682454255e-01
-4.20000000000001350e+00 1.29439890710382505e-01
-4.10000000000001386e+00 1.18438141522476850e-01
-4.00000000000001421e+00 1.14515278172300450e-01
-3.90000000000001412e+00 9.61983343615052389e-02
-3.80000000000001403e+00 9.99643832363765888e-02
-3.70000000000001394e+00 7.35950910714979201e-02
-3.60000000000001386e+00 5.38606130711393859e-03
-3.50000000000001377e+00 7.99827839747498277e-03
-3.40000000000001368e+00 3.28413150961781369e-03
-3.30000000000001359e+00 3.67063141919316688e-03
-3.20000000000001350e+00 3.43851857158207659e-03
-3.10000000000001341e+00 2.91523672460238404e-03
-3.00000000000001332e+00 2.98344551573585587e-03
-2.90000000000001323e+00 2.29407125958850083e-03
-2.80000000000001315e+00 3.77956157085778061e-03
-2.70000000000001306e+00 3.52251896049746594e-03
-2.60000000000001297e+00 2.76998214090461766e-03
-2.50000000000001288e+00 2.45124160716188831e-03
-2.40000000000001279e+00 2.80454480080540762e-03
-2.30000000000001270e+00 3.11058672101254940e-03
-2.20000000000001261e+00 2.92611558156547196e-03
-2.10000000000001252e+00 2.73612394286120407e-03
-2.00000000000001243e+00 2.59468809686835573e-03
-1.90000000000001235e+00 3.15267445979454473e-03
-1.80000000000001226e+00 3.37238196663116772e-03
-1.70000000000001217e+00 2.93059316689542586e-03
-1.60000000000001208e+00 2.74199949489482972e-03
-1.50000000000001199e+00 2.58388659608828298e-03
-1.40000000000001190e+00 2.58887876025524176e-03
-1.30000000000001181e+00 2.79599956984622009e-03
-1.20000000000001172e+00 2.35319285485078612e-03
-1.10000000000001164e+00 2.99411998124165775e-03
-1.00000000000001155e+00 3.15770148705709578e-03
-9.00000000000011569e-01 3.12141216991963268e-03
-8.00000000000011591e-01 2.96956198960653291e-03
-7.00000000000011613e-01 3.49169400063485333e-03
-6.00000000000011635e-01 2.57977877513517351e-03
-5.00000000000011657e-01 3.08850154425077206e-03
-4.00000000000011680e-01 3.08078094214579972e-03
-3.00000000000011702e-01 2.54545454545454563e-03
-2.00000000000011696e-01 2.92608915540784609e-03
-1.00000000000011691e-01 2.77948236653070054e-03
-1.16850973341797726e-14 3.64292155094679895e-03
