-1.00000000000000000e+01 3.20142752178020351e-02
-9.00000000000000000e+00 2.74309002560217362e-02
-8.00000000000000000e+00 2.82905401872091192e-02
-7.00000000000000000e+00 2.85056749830012029e-02
-6.00000000000000000e+00 3.17976702697030100e-02
-5.00000000000000000e+00 2.41133274308629776e-02
-4.00000000000000000e+00 3.31649573957854991e-03
-3.00000000000000000e+00 3.05219249160647050e-04
-2.00000000000000000e+00 3.05219249160647050e-04
-1.00000000000000000e+00 4.57898753497837678e-04
0.00000000000000000e+00 2.54336436237855435e-04
1.00000000000000000e+00 9.16217041636974453e-04
2.00000000000000000e+00 6.61543941784133106e-04
3.00000000000000000e+00 4.57898753497837678e-04
4.00000000000000000e+00 4.07000407000406982e-04
5.00000000000000000e+00 5.08802279434211811e-04
6.00000000000000000e+00 3.56107239151447327e-04
7.00000000000000000e+00 5.59710985600162837e-04
8.00000000000000000e+00 6.10624872786484836e-04
9.00000000000000000e+00 8.14332247557003294e-04
-7.50000000000000000e+00 3.02839777847637021e-02
-7.42499999999999982e+00 4.30723530659876952e-02
-7.34999999999999964e+00 3.47839814766089592e-02
-7.27499999999999947e+00 2.92054851878990884e-02
-7.19999999999999929e+00 4.07536784164284974e-02
-7.12499999999999911e+00 2.72698777557204043e-02
-7.04999999999999893e+00 3.41853371200168329e-02
-6.97499999999999876e+00 3.06619843807327437e-02
-6.89999999999999858e+00 2.95827006649562810e-02
-6.82499999999999840e+00 2.79680066914109460e-02
-6.74999999999999822e+00 3.05539541952727853e-02
-6.67499999999999805e+00 2.67871129444937593e-02
-6.59999999999999787e+00 2.80217482225010445e-02
-6.52499999999999769e+00 2.68943547965951220e-02
-6.44999999999999751e+00 3.05539541952727853e-02
-6.37499999999999734e+00 3.32615206767905014e-02
-6.29999999999999716e+00 3.00680984808800421e-02
-6.22499999999999698e+00 2.71089057195090105e-02
-6.14999999999999680e+00 2.62512394968947328e-02
-6.07499999999999662e+00 2.85594727481954178e-02
-5.99999999999999645e+00 3.46750855038147829e-02
-5.92499999999999627e+00 2.67871129444937593e-02
-5.84999999999999609e+00 2.94748966022721319e-02
-5.77499999999999591e+00 3.28816052106313678e-02
-5.69999999999999574e+00 2.64655217414000096e-02
-5.62499999999999556e+00 2.95827006649562810e-02
-5.54999999999999538e+00 2.77530967438457121e-02
-5.47499999999999520e+00 2.94748966022721319e-02
-5.39999999999999503e+00 3.74591115331856100e-02
-5.32499999999999485e+00 2.98523096260605442e-02
-5.24999999999999467e+00 3.25019690207403525e-02
-5.17499999999999449e+00 3.41853371200168329e-02
-5.09999999999999432e+00 3.57105235436637539e-02
-5.02499999999999414e+00 2.95287958115183248e-02
-4.94999999999999396e+00 2.96366111634726141e-02
-4.87499999999999378e+00 2.21968082341321427e-02
-4.79999999999999361e+00 2.02874487625175105e-02
-4.72499999999999343e+00 1.84907028538871913e-02
-4.64999999999999325e+00 1.17828659634679703e-02
-4.57499999999999307e+00 9.03119868637109954e-03
-4.49999999999999289e+00 5.62544747877672096e-03
-4.42499999999999272e+00 4.18751915024001640e-03
-4.34999999999999254e+00 3.57252220067367544e-03
-4.27499999999999236e+00 4.29009193054136900e-03
-4.19999999999999218e+00 2.19152948371642608e-03
-4.12499999999999201e+00 1.78307606093025626e-03
-4.04999999999999183e+00 2.95827807813934520e-03
-3.97499999999999165e+00 5.31697341513292458e-03
-3.89999999999999147e+00 1.57897417613202251e-03
-3.82499999999999130e+00 4.07000407000406982e-04
-3.74999999999999112e+00 4.57898753497837678e-04
-3.67499999999999094e+00 1.37495544125884801e-03
-3.59999999999999076e+00 7.12468193384223954e-04
-3.52499999999999059e+00 4.07000407000406982e-04
-3.44999999999999041e+00 4.07000407000406982e-04
-3.37499999999999023e+00 8.65272051712729631e-04
-3.29999999999999005e+00 5.08802279434211811e-04
-3.22499999999998987e+00 7.12468193384223954e-04
-3.14999999999998970e+00 7.12468193384223954e-04
-3.07499999999998952e+00 4.57898753497837678e-04
-2.99999999999998934e+00 6.10624872786484836e-04
-2.92499999999998916e+00 5.08802279434211811e-04
-2.84999999999998899e+00 2.03458799593082395e-04
-2.77499999999998881e+00 8.14332247557003294e-04
-2.69999999999998863e+00 3.56107239151447327e-04
-2.62499999999998845e+00 6.10624872786484836e-04
-2.54999999999998828e+00 8.65272051712729631e-04
-2.47499999999998810e+00 3.05219249160647050e-04
-2.39999999999998792e+00 5.08802279434211811e-04
-2.32499999999998774e+00 3.05219249160647050e-04
-2.24999999999998757e+00 5.08802279434211811e-04
-2.17499999999998739e+00 4.57898753497837678e-04
-2.09999999999998721e+00 3.05219249160647050e-04
-2.02499999999998703e+00 4.57898753497837678e-04
-1.94999999999998708e+00 6.10624872786484836e-04
-1.87499999999998712e+00 3.05219249160647050e-04
-1.79999999999998717e+00 4.07000407000406982e-04
-1.72499999999998721e+00 4.57898753497837678e-04
-1.64999999999998725e+00 3.56107239151447327e-04
-1.57499999999998730e+00 6.10624872786484836e-04
