-1.00000000000000000e+01 1.24635804467465194e-01
-9.00000000000000000e+00 1.09800362976406538e-01
-8.00000000000000000e+00 7.90906179955171290e-02
-7.00000000000000000e+00 7.37086477074869462e-02
-6.00000000000000000e+00 9.60451977401129975e-02
-5.00000000000000000e+00 1.00431300061614298e-01
-4.00000000000000000e+00 2.42533573862497506e-02
-3.00000000000000000e+00 3.40599455040871922e-04
-2.00000000000000000e+00 1.67813391508642379e-03
-1.00000000000000000e+00 1.52181264795400750e-03
0.00000000000000000e+00 2.09205020920502074e-03
1.00000000000000000e+00 5.45058139534883713e-04
2.00000000000000000e+00 6.55845220527955441e-04
3.00000000000000000e+00 8.36680053547523422e-04
4.00000000000000000e+00 3.34271639690358890e-03
5.00000000000000000e+00 8.65650969529085847e-04
6.00000000000000000e+00 8.35282325425994003e-04
7.00000000000000000e+00 8.19403474270730884e-04
8.00000000000000000e+00 6.72608037666050070e-04
9.00000000000000000e+00 4.98919008814235811e-04
-8.00000000000000000e+00 7.05674801528962115e-02
-7.90000000000000036e+00 9.04893813481071063e-02
-7.80000000000000071e+00 8.22249093107617901e-02
-7.70000000000000107e+00 9.88372093023255766e-02
-7.60000000000000142e+00 9.46801773274224129e-02
-7.50000000000000178e+00 1.02919492774992627e-01
-7.40000000000000213e+00 7.73705642815590428e-02
-7.30000000000000249e+00 7.19402985074626827e-02
-7.20000000000000284e+00 1.45356234096692100e-01
-7.10000000000000320e+00 1.05328376703841389e-01
-7.00000000000000355e+00 1.05130626377085298e-01
-6.90000000000000391e+00 1.23415610406937964e-01
-6.80000000000000426e+00 1.39886578449905485e-01
-6.70000000000000462e+00 7.83791777580597482e-02
-6.60000000000000497e+00 8.45025510204081565e-02
-6.50000000000000533e+00 1.04774110861903233e-01
-6.40000000000000568e+00 1.27399073461283929e-01
-6.30000000000000604e+00 8.24108241082410764e-02
-6.20000000000000639e+00 8.01609408851748639e-02
-6.10000000000000675e+00 9.96068152031454740e-02
-6.00000000000000711e+00 1.03481624758220508e-01
-5.90000000000000746e+00 1.01208459214501514e-01
-5.80000000000000782e+00 1.10866141732283471e-01
-5.70000000000000817e+00 9.97485331098072053e-02
-5.60000000000000853e+00 6.83559222156747137e-02
-5.50000000000000888e+00 6.61053944496414053e-02
-5.40000000000000924e+00 1.09835556934533049e-01
-5.30000000000000959e+00 1.40599806514027731e-01
-5.20000000000000995e+00 1.07321652065081347e-01
-5.10000000000001030e+00 8.54808296668761736e-02
-5.00000000000001066e+00 1.02776891158633893e-01
-4.90000000000001101e+00 6.86354935739677263e-02
-4.80000000000001137e+00 1.12484157160963244e-01
-4.70000000000001172e+00 1.43461189972817871e-01
-4.60000000000001208e+00 6.80782632002144145e-02
-4.50000000000001243e+00 7.21504772599663169e-02
-4.40000000000001279e+00 9.28270042194092870e-02
-4.30000000000001315e+00 9.01336366221211216e-02
-4.20000000000001350e+00 1.34433241674304926e-01
-4.10000000000001386e+00 2.37580993520518369e-02
-4.00000000000001421e+00 2.27322404371584699e-02
-3.90000000000001412e+00 2.23546944858420277e-02
-3.80000000000001403e+00 2.52151290774464687e-02
-3.70000000000001394e+00 1.48896115009412976e-02
-3.60000000000001386e+00 1.86675800650796357e-02
-3.50000000000001377e+00 1.58273381294964030e-02
-3.40000000000001368e+00 5.45051950264009537e-03
-3.30000000000001359e+00 1.68605631428089689e-03
-3.20000000000001350e+00 2.29725026105116609e-02
-3.10000000000001341e+00 2.62622526354725355e-02
-3.00000000000001332e+00 1.89035916824196602e-03
-2.90000000000001323e+00 1.14472608340147170e-03
-2.80000000000001315e+00 1.80375180375180375e-04
-2.70000000000001306e+00 6.82360968952575963e-04
-2.60000000000001297e+00 1.18784999151535717e-03
-2.50000000000001288e+00 9.96677740863787269e-04
-2.40000000000001279e+00 1.71408981830647935e-04
-2.30000000000001270e+00 8.44594594594594641e-04
-2.20000000000001261e+00 1.50981378963261194e-03
-2.10000000000001252e+00 4.97677504976775102e-04
-2.00000000000001243e+00 1.37812230835486645e-03
-1.90000000000001235e+00 8.46883468834688400e-04
-1.80000000000001226e+00 6.90488520628344533e-04
-1.70000000000001217e+00 1.89296162450524859e-03
-1.60000000000001208e+00 7.01385235840785602e-04
-1.50000000000001199e+00 1.65562913907284768e-03
-1.40000000000001190e+00 1.85185185185185192e-03
-1.30000000000001181e+00 1.32384577196756575e-03
-1.20000000000001172e+00 1.02249488752556247e-03
-1.10000000000001164e+00 8.40053763440860228e-04
-1.00000000000001155e+00 5.02008032128514010e-04
-9.00000000000011569e-01 6.68002672010688096e-04
-8.00000000000011591e-01 4.97677504976775081e-03
-7.00000000000011613e-01 6.83643821568962547e-04
-6.00000000000011635e-01 1.17233294255568573e-03
-5.00000000000011657e-01 8.27540549486924910e-04
-4.00000000000011680e-01 3.44827586206896525e-04
-3.00000000000011702e-01 5.24934383202099730e-04
-2.00000000000011696e-01 3.52822580645161281e-03
-1.00000000000011691e-01 8.37240455458807768e-04
-1.16850973341797726e-14 8.48896434634974521e-04
