-1.00000000000000000e+01 5.73283858998144685e-02
-9.00000000000000000e+00 5.48917102315160596e-02
-8.00000000000000000e+00 5.31735630031829262e-02
-7.00000000000000000e+00 5.32655750047054399e-02
-6.00000000000000000e+00 5.08026440037771462e-02
-5.00000000000000000e+00 5.24450744153082890e-02
-4.00000000000000000e+00 2.70793036750483548e-03
-3.00000000000000000e+00 6.48340248962655575e-04
-2.00000000000000000e+00 0.00000000000000000e+00
-1.00000000000000000e+00 3.93133272179268752e-04
0.00000000000000000e+00 5.19345624513113473e-04
1.00000000000000000e+00 8.88212155817789646e-04
2.00000000000000000e+00 3.82019610339997444e-04
3.00000000000000000e+00 5.11051488437460071e-04
4.00000000000000000e+00 2.62984878369493746e-04
5.00000000000000000e+00 7.52634219769192175e-04
6.00000000000000000e+00 1.34030290845731141e-04
7.00000000000000000e+00 3.85010266940451760e-04
8.00000000000000000e+00 3.86797318205260457e-04
9.00000000000000000e+00 9.13838120104438589e-04
-7.50000000000000000e+00 5.87670443633570225e-02
-7.42499999999999982e+00 5.08149568552253086e-02
-7.34999999999999964e+00 5.33686601059803201e-02
-7.27499999999999947e+00 5.23332703570753843e-02
-7.19999999999999929e+00 5.04537205081669674e-02
-7.12499999999999911e+00 5.70537516052100555e-02
-7.04999999999999893e+00 4.50204638472032764e-02
-6.97499999999999876e+00 5.86725339200586740e-02
-6.89999999999999858e+00 5.45288197621226003e-02
-6.82499999999999840e+00 5.27798647633358348e-02
-6.74999999999999822e+00 5.45556805399325107e-02
-6.67499999999999805e+00 4.82195845697329373e-02
-6.59999999999999787e+00 5.44256120527307000e-02
-6.52499999999999769e+00 5.37888424495729586e-02
-6.44999999999999751e+00 5.25355709595038273e-02
-6.37499999999999734e+00 5.85265519820493615e-02
-6.29999999999999716e+00 4.77159238024782717e-02
-6.22499999999999698e+00 5.45252225519287856e-02
-6.14999999999999680e+00 5.07996237064910622e-02
-6.07499999999999662e+00 5.02530730296456979e-02
-5.99999999999999645e+00 5.76232760249386008e-02
-5.92499999999999627e+00 5.07841672890216589e-02
-5.84999999999999609e+00 4.80029314767314030e-02
-5.77499999999999591e+00 5.33559577677224714e-02
-5.69999999999999574e+00 5.13906796831829077e-02
-5.62499999999999556e+00 5.15560554930633644e-02
-5.54999999999999538e+00 5.75925925925925911e-02
-5.47499999999999520e+00 5.47742413027387104e-02
-5.39999999999999503e+00 6.02714932126696828e-02
-5.32499999999999485e+00 5.64562273507533824e-02
-5.24999999999999467e+00 6.08120868744098236e-02
-5.17499999999999449e+00 5.81537922578385033e-02
-5.09999999999999432e+00 5.19339023061557992e-02
-5.02499999999999414e+00 5.35181610808913855e-02
-4.94999999999999396e+00 4.83703190013869619e-02
-4.87499999999999378e+00 5.33863165169315840e-02
-4.79999999999999361e+00 6.79087584885948170e-02
-4.72499999999999343e+00 5.39772727272727279e-02
-4.64999999999999325e+00 5.69424049600261023e-02
-4.57499999999999307e+00 5.35919776426105540e-02
-4.49999999999999289e+00 4.43187175860443178e-02
-4.42499999999999272e+00 3.41828170303677681e-02
-4.34999999999999254e+00 2.43624447927055128e-02
-4.27499999999999236e+00 1.03514376996805112e-02
-4.19999999999999218e+00 9.80262286395549090e-03
-4.12499999999999201e+00 8.56586632057105765e-03
-4.04999999999999183e+00 3.01560246492723217e-03
-3.97499999999999165e+00 2.54582484725050925e-03
-3.89999999999999147e+00 2.55591054313099048e-03
-3.82499999999999130e+00 1.25691302161890406e-03
-3.74999999999999112e+00 1.15369824381489545e-03
-3.67499999999999094e+00 1.16731517509727624e-03
-3.59999999999999076e+00 1.54679040989945870e-03
-3.52499999999999059e+00 1.14532960040722833e-03
-3.44999999999999041e+00 1.16625631722171836e-03
-3.37499999999999023e+00 8.79617994470972657e-04
-3.29999999999999005e+00 1.23685837971552266e-03
-3.22499999999998987e+00 7.78614066960809791e-04
-3.14999999999998970e+00 3.91083300743058247e-04
-3.07499999999998952e+00 1.28155837498398041e-03
-2.99999999999998934e+00 3.76695128076343555e-04
-2.92499999999998916e+00 8.78514056224899572e-04
-2.84999999999998899e+00 2.55395224109309130e-04
-2.77499999999998881e+00 3.83092836163963723e-04
-2.69999999999998863e+00 4.96401092082402622e-04
-2.62499999999998845e+00 5.08776392775375222e-04
-2.54999999999998828e+00 3.74344896431245294e-04
-2.47499999999998810e+00 3.77453447408152985e-04
-2.39999999999998792e+00 6.53167864141084280e-04
-2.32499999999998774e+00 4.99001996007983990e-04
-2.24999999999998757e+00 7.58629409533442887e-04
-2.17499999999998739e+00 2.55102040816326554e-04
-2.09999999999998721e+00 6.36213258684311007e-04
-2.02499999999998703e+00 7.58725341426403667e-04
-1.94999999999998708e+00 3.77358490566037717e-04
-1.87499999999998712e+00 6.56340246783932747e-04
-1.79999999999998717e+00 8.88550393500888553e-04
-1.72499999999998721e+00 6.38080653394589047e-04
-1.64999999999998725e+00 1.28899200824954892e-04
-1.57499999999998730e+00 6.27431296273058079e-04
