-1.00000000000000000e+01 7.44408590185823976e-02
-9.00000000000000000e+00 7.93650793650793607e-02
-8.00000000000000000e+00 8.71425354649853628e-02
-7.00000000000000000e+00 9.07037162543770509e-02
-6.00000000000000000e+00 8.71425354649853628e-02
-5.00000000000000000e+00 7.84007147643511343e-02
-4.00000000000000000e+00 1.78138505323073675e-02
-3.00000000000000000e+00 1.14048729911871431e-03
-2.00000000000000000e+00 1.34812817587887579e-03
-1.00000000000000000e+00 1.97156791532634643e-03
0.00000000000000000e+00 9.32932517881206592e-04
1.00000000000000000e+00 1.45198091682223604e-03
2.00000000000000000e+00 1.14048729911871431e-03
3.00000000000000000e+00 1.03669914990669717e-03
4.00000000000000000e+00 2.07555002075550041e-03
5.00000000000000000e+00 1.55585520174255786e-03
6.00000000000000000e+00 1.14048729911871431e-03
7.00000000000000000e+00 1.24429697221070104e-03
8.00000000000000000e+00 1.45198091682223604e-03
9.00000000000000000e+00 1.65975103734439830e-03
-7.50000000000000000e+00 9.30495811636857656e-02
-7.42499999999999982e+00 6.97983602924883706e-02
-7.34999999999999964e+00 1.03668990741799069e-01
-7.27499999999999947e+00 9.46604693345425713e-02
-7.19999999999999929e+00 8.33613822506451274e-02
-7.12499999999999911e+00 9.08269317668323611e-02
-7.04999999999999893e+00 1.10012645131624329e-01
-6.97499999999999876e+00 9.46604693345425713e-02
-6.89999999999999858e+00 1.00273473108477673e-01
-6.82499999999999840e+00 8.09358558155155033e-02
-6.74999999999999822e+00 8.89816172324348759e-02
-6.67499999999999805e+00 9.44123314065510588e-02
-6.59999999999999787e+00 7.97271609079727162e-02
-6.52499999999999769e+00 7.82802903405918488e-02
-6.44999999999999751e+00 1.06578042631217049e-01
-6.37499999999999734e+00 8.59199280251911890e-02
-6.29999999999999716e+00 8.25112107623318380e-02
-6.22499999999999698e+00 7.20550682802264947e-02
-6.14999999999999680e+00 8.79999999999999949e-02
-6.07499999999999662e+00 9.19371254099287522e-02
-5.99999999999999645e+00 7.63571508193066489e-02
-5.92499999999999627e+00 8.47000674005841392e-02
-5.84999999999999609e+00 7.46800222593210911e-02
-5.77499999999999591e+00 9.14434271504464824e-02
-5.69999999999999574e+00 9.76469250880982187e-02
-5.62499999999999556e+00 8.06939003917179626e-02
-5.54999999999999538e+00 6.88510073057338884e-02
-5.47499999999999520e+00 7.40823136818687389e-02
-5.39999999999999503e+00 9.80213782124175620e-02
-5.32499999999999485e+00 7.84007147643511343e-02
-5.24999999999999467e+00 1.03921344460958048e-01
-5.17499999999999449e+00 8.23898666068826335e-02
-5.09999999999999432e+00 7.15791810009987761e-02
-5.02499999999999414e+00 8.93501805054151693e-02
-4.94999999999999396e+00 8.55536818437324376e-02
-4.87499999999999378e+00 7.25313784294124159e-02
-4.79999999999999361e+00 7.58774373259052948e-02
-4.72499999999999343e+00 7.20550682802264947e-02
-4.64999999999999325e+00 6.49608470276828026e-02
-4.57499999999999307e+00 8.20259973106230444e-02
-4.49999999999999289e+00 5.25397863527359912e-02
-4.42499999999999272e+00 5.03644077015120220e-02
-4.34999999999999254e+00 4.99075785582255085e-02
-4.27499999999999236e+00 3.59403497478811285e-02
-4.19999999999999218e+00 4.18644799309451851e-02
-4.12499999999999201e+00 2.29897234876575915e-02
-4.04999999999999183e+00 1.33277363836708986e-02
-3.97499999999999165e+00 1.27963079504929723e-02
-3.89999999999999147e+00 1.31150981009337947e-02
-3.82499999999999130e+00 1.22654366285774186e-02
-3.74999999999999112e+00 1.19471808845105845e-02
-3.67499999999999094e+00 8.98641588296760635e-03
-3.59999999999999076e+00 3.01236106783006130e-03
-3.52499999999999059e+00 7.93319415448851852e-03
-3.44999999999999041e+00 7.72281360884992732e-03
-3.37499999999999023e+00 7.40740740740740769e-03
-3.29999999999999005e+00 1.24429697221070104e-03
-3.22499999999998987e+00 7.19724627099196847e-03
-3.14999999999998970e+00 5.20508015823443679e-03
-3.07499999999998952e+00 2.38762586940724584e-03
-2.99999999999998934e+00 1.24429697221070104e-03
-2.92499999999998916e+00 4.05531870645731499e-03
-2.84999999999998899e+00 2.69989615784008326e-03
-2.77499999999998881e+00 1.14048729911871431e-03
-2.69999999999998863e+00 1.65975103734439830e-03
-2.62499999999998845e+00 1.34812817587887579e-03
-2.54999999999998828e+00 9.32932517881206592e-04
-2.47499999999998810e+00 1.24429697221070104e-03
-2.39999999999998792e+00 1.45198091682223604e-03
-2.32499999999998774e+00 1.03669914990669717e-03
-2.24999999999998757e+00 1.55585520174255786e-03
-2.17499999999998739e+00 1.24429697221070104e-03
-2.09999999999998721e+00 6.21761658031088032e-04
-2.02499999999998703e+00 1.14048729911871431e-03
-1.94999999999998708e+00 2.28357899107328212e-03
-1.87499999999998712e+00 1.14048729911871431e-03
-1.79999999999998717e+00 1.03669914990669717e-03
-1.72499999999998721e+00 1.24429697221070104e-03
-1.64999999999998725e+00 1.65975103734439830e-03
-1.57499999999998730e+00 1.34812817587887579e-03
