-1.00000000000000000e+01 2.97353470971317702e-01
-9.00000000000000000e+00 3.30066055827828664e-01
-8.00000000000000000e+00 3.37571428571428578e-01
-7.00000000000000000e+00 3.41596217223097853e-01
-6.00000000000000000e+00 3.30349531116794548e-01
-5.00000000000000000e+00 3.37093895037486602e-01
-4.00000000000000000e+00 2.56104105178427688e-01
-3.00000000000000000e+00 1.03048287024548151e-02
-2.00000000000000000e+00 9.70559689420899367e-03
-1.00000000000000000e+00 8.18348228706794467e-03
0.00000000000000000e+00 8.88960724098917035e-03
1.00000000000000000e+00 1.01413313194519371e-02
2.00000000000000000e+00 7.58676351896690922e-03
3.00000000000000000e+00 1.01413313194519371e-02
4.00000000000000000e+00 1.04683790200733873e-02
5.00000000000000000e+00 1.13415424497731697e-02
6.00000000000000000e+00 9.54229338508814570e-03
7.00000000000000000e+00 8.23776449685026738e-03
8.00000000000000000e+00 8.23776449685026738e-03
9.00000000000000000e+00 1.02503236944324564e-02
-8.00000000000000000e+00 3.43714121699196351e-01
-7.90000000000000036e+00 3.08595387840670865e-01
-7.80000000000000071e+00 3.30444049733570167e-01
-7.70000000000000107e+00 3.20965011286681701e-01
-7.60000000000000142e+00 3.24515490168340637e-01
-7.50000000000000178e+00 3.25922254478510254e-01
-7.40000000000000213e+00 3.31958176257201809e-01
-7.30000000000000249e+00 3.38336192109777001e-01
-7.20000000000000284e+00 3.25828377230246380e-01
-7.10000000000000320e+00 3.23860021208907722e-01
-7.00000000000000355e+00 3.21058201058201043e-01
-6.90000000000000391e+00 3.15767284991568309e-01
-6.80000000000000426e+00 3.21990822449699954e-01
-6.70000000000000462e+00 3.29877139407712516e-01
-6.60000000000000497e+00 3.50789872322008200e-01
-6.50000000000000533e+00 3.23485758710862936e-01
-6.40000000000000568e+00 3.40156015172117632e-01
-6.30000000000000604e+00 3.48746758859118433e-01
-6.20000000000000639e+00 3.23298706805172753e-01
-6.10000000000000675e+00 3.31579321624120016e-01
-6.00000000000000711e+00 3.39868345735546640e-01
-5.90000000000000746e+00 3.24984079813203153e-01
-5.80000000000000782e+00 3.27802595192512258e-01
-5.70000000000000817e+00 3.08046940486169318e-01
-5.60000000000000853e+00 3.26297896451590075e-01
-5.50000000000000888e+00 3.56759889871033187e-01
-5.40000000000000924e+00 3.37762537505357896e-01
-5.30000000000000959e+00 3.35282373074729023e-01
-5.20000000000000995e+00 2.92696396520778668e-01
-5.10000000000001030e+00 3.38144919251107623e-01
-5.00000000000001066e+00 2.77963556950795054e-01
-4.90000000000001101e+00 3.05038678653564710e-01
-4.80000000000001137e+00 3.36330550203382594e-01
-4.70000000000001172e+00 3.08321106686229307e-01
-4.60000000000001208e+00 3.30255025928820056e-01
-4.50000000000001243e+00 3.43039518037725033e-01
-4.40000000000001279e+00 3.19754739587004011e-01
-4.30000000000001315e+00 3.15397583590896313e-01
-4.20000000000001350e+00 2.82514896239983548e-01
-4.10000000000001386e+00 2.94752126114913915e-01
-4.00000000000001421e+00 2.74224278715296699e-01
-3.90000000000001412e+00 2.15184944841012332e-01
-3.80000000000001403e+00 1.60510659395141309e-01
-3.70000000000001394e+00 1.37045357945230428e-01
-3.60000000000001386e+00 1.06868424163612724e-01
-3.50000000000001377e+00 8.91008491334186331e-02
-3.40000000000001368e+00 9.10679951057507403e-02
-3.30000000000001359e+00 1.36956639419693604e-02
-3.20000000000001350e+00 1.16693679092382489e-02
-3.10000000000001341e+00 1.08502024291497971e-02
-3.00000000000001332e+00 1.15600691443388075e-02
-2.90000000000001323e+00 9.97788684536972045e-03
-2.80000000000001315e+00 1.14507939937344705e-02
-2.70000000000001306e+00 9.37904269081500652e-03
-2.60000000000001297e+00 9.32463752492858344e-03
-2.50000000000001288e+00 1.10685168187462882e-02
-2.40000000000001279e+00 8.34634645414894169e-03
-2.30000000000001270e+00 7.91215888906830235e-03
-2.20000000000001261e+00 8.72656755009696208e-03
-2.10000000000001252e+00 7.20740103270223718e-03
-2.00000000000001243e+00 1.07956385620209434e-02
-1.90000000000001235e+00 1.07956385620209434e-02
-1.80000000000001226e+00 9.32463752492858344e-03
-1.70000000000001217e+00 9.21584478577202985e-03
-1.60000000000001208e+00 7.20740103270223718e-03
-1.50000000000001199e+00 9.65115652127028663e-03
-1.40000000000001190e+00 9.37904269081500652e-03
-1.30000000000001181e+00 1.02503236944324564e-02
-1.20000000000001172e+00 8.78090825836341099e-03
-1.10000000000001164e+00 8.29205255222916285e-03
-1.00000000000001155e+00 8.99832965138207957e-03
-9.00000000000011569e-01 8.12920592193808883e-03
-8.00000000000011591e-01 8.72656755009696208e-03
-7.00000000000011613e-01 9.16145721060573383e-03
-6.00000000000011635e-01 9.86895324381168067e-03
-5.00000000000011657e-01 9.05269964435822909e-03
-4.00000000000011680e-01 8.61790369492621000e-03
-3.00000000000011702e-01 1.04138563643230986e-02
-2.00000000000011696e-01 1.09593478378232460e-02
-1.00000000000011691e-01 1.13415424497731697e-02
-1.16850973341797726e-14 1.06319822980193209e-02
