-1.00000000000000000e+01 2.01594933739885074e-01
-9.00000000000000000e+00 2.16577540106951877e-01
-8.00000000000000000e+00 2.19286184013869789e-01
-7.00000000000000000e+00 2.09483617607408718e-01
-6.00000000000000000e+00 1.92672752554259114e-01
-5.00000000000000000e+00 1.99272812573305175e-01
-4.00000000000000000e+00 1.18638933764135701e-01
-3.00000000000000000e+00 2.50490543981964683e-03
-2.00000000000000000e+00 4.95282011869689620e-03
-1.00000000000000000e+00 2.62134280399120567e-03
0.00000000000000000e+00 3.03707765638840848e-03
1.00000000000000000e+00 3.05886243386243369e-03
2.00000000000000000e+00 2.10961562803257258e-03
3.00000000000000000e+00 2.16523732699329180e-03
4.00000000000000000e+00 3.24122169125285690e-03
5.00000000000000000e+00 2.09523026991495845e-03
6.00000000000000000e+00 3.73198352779684304e-03
7.00000000000000000e+00 2.11711902443155334e-03
8.00000000000000000e+00 2.65363716776883867e-03
9.00000000000000000e+00 2.31065468549422354e-03
-8.00000000000000000e+00 2.06032537703360635e-01
-7.90000000000000036e+00 2.05252975318051228e-01
-7.80000000000000071e+00 2.22504537205081676e-01
-7.70000000000000107e+00 2.19512195121951220e-01
-7.60000000000000142e+00 2.13133032099055209e-01
-7.50000000000000178e+00 1.95769342219646481e-01
-7.40000000000000213e+00 2.12390956026348582e-01
-7.30000000000000249e+00 2.23278767453057303e-01
-7.20000000000000284e+00 2.15432356627081212e-01
-7.10000000000000320e+00 2.01464768767349839e-01
-7.00000000000000355e+00 2.06451232456657613e-01
-6.90000000000000391e+00 2.16548042704626326e-01
-6.80000000000000426e+00 2.09994155464640564e-01
-6.70000000000000462e+00 2.19165492310520182e-01
-6.60000000000000497e+00 2.10694996735711321e-01
-6.50000000000000533e+00 2.14772319827895297e-01
-6.40000000000000568e+00 2.12725205003890583e-01
-6.30000000000000604e+00 2.21057072259386478e-01
-6.20000000000000639e+00 1.96761703625483980e-01
-6.10000000000000675e+00 2.00465366028279940e-01
-6.00000000000000711e+00 2.18571948114923031e-01
-5.90000000000000746e+00 2.09780978097809767e-01
-5.80000000000000782e+00 2.07343412526997839e-01
-5.70000000000000817e+00 2.04784406379208500e-01
-5.60000000000000853e+00 2.01656971619954162e-01
-5.50000000000000888e+00 1.99976672304193165e-01
-5.40000000000000924e+00 2.07235080621169743e-01
-5.30000000000000959e+00 2.04340921122286912e-01
-5.20000000000000995e+00 2.16372885366142187e-01
-5.10000000000001030e+00 2.18618870639012114e-01
-5.00000000000001066e+00 2.11638338054768643e-01
-4.90000000000001101e+00 2.16487497772762355e-01
-4.80000000000001137e+00 1.84722710751553526e-01
-4.70000000000001172e+00 2.04749527410207938e-01
-4.60000000000001208e+00 1.87755336900857356e-01
-4.50000000000001243e+00 1.75185351606380602e-01
-4.40000000000001279e+00 1.62745310636452339e-01
-4.30000000000001315e+00 1.53292570748336132e-01
-4.20000000000001350e+00 1.38004688721021090e-01
-4.10000000000001386e+00 1.27467854611724218e-01
-4.00000000000001421e+00 1.23191995244699828e-01
-3.90000000000001412e+00 1.05363893009234891e-01
-3.80000000000001403e+00 1.06742391146060878e-01
-3.70000000000001394e+00 7.53386528112822418e-02
-3.60000000000001386e+00 5.03734583984714254e-02
-3.50000000000001377e+00 4.12715138742535993e-03
-3.40000000000001368e+00 5.56497543585061493e-03
-3.30000000000001359e+00 3.08146347814764994e-03
-3.20000000000001350e+00 2.90257445734477555e-03
-3.10000000000001341e+00 2.63658367911479962e-03
-3.00000000000001332e+00 3.19609739686277806e-03
-2.90000000000001323e+00 2.98909611417505147e-03
-2.80000000000001315e+00 2.41629271660338298e-03
-2.70000000000001306e+00 3.38529694487399186e-03
-2.60000000000001297e+00 2.88398514310683838e-03
-2.50000000000001288e+00 2.74166078178872613e-03
-2.40000000000001279e+00 2.57875961662440379e-03
-2.30000000000001270e+00 2.17261651188549020e-03
-2.20000000000001261e+00 2.98727162524893911e-03
-2.10000000000001252e+00 2.71465475721353834e-03
-2.00000000000001243e+00 2.75551102204408833e-03
-1.90000000000001235e+00 2.16202467251685104e-03
-1.80000000000001226e+00 3.08446359910423797e-03
-1.70000000000001217e+00 2.65725555324891009e-03
-1.60000000000001208e+00 2.52125977522328105e-03
-1.50000000000001199e+00 3.13519467864254537e-03
-1.40000000000001190e+00 3.41991341991342013e-03
-1.30000000000001181e+00 2.57882039763746755e-03
-1.20000000000001172e+00 3.38180588434223864e-03
-1.10000000000001164e+00 2.32425558040608680e-03
-1.00000000000001155e+00 2.26737967914438518e-03
-9.00000000000011569e-01 2.36760124610591906e-03
-8.00000000000011591e-01 2.92614753024413683e-03
-7.00000000000011613e-01 3.24689015391102682e-03
-6.00000000000011635e-01 2.72739079613836108e-03
-5.00000000000011657e-01 2.46699848517636889e-03
-4.00000000000011680e-01 2.09898828764535500e-03
-3.00000000000011702e-01 2.78528372479733928e-03
-2.00000000000011696e-01 2.30762775866409338e-03
-1.00000000000011691e-01 3.26879557455368383e-03
-1.16850973341797726e-14 2.25695183749946788e-03
