-1.00000000000000000e+01 0.00000000000000000e+00
-9.00000000000000000e+00 0.00000000000000000e+00
-8.00000000000000000e+00 0.00000000000000000e+00
-7.00000000000000000e+00 0.00000000000000000e+00
-6.00000000000000000e+00 0.00000000000000000e+00
-5.00000000000000000e+00 0.00000000000000000e+00
-4.00000000000000000e+00 0.00000000000000000e+00
-3.00000000000000000e+00 0.00000000000000000e+00
-2.00000000000000000e+00 0.00000000000000000e+00
-1.00000000000000000e+00 0.00000000000000000e+00
0.00000000000000000e+00 0.00000000000000000e+00
1.00000000000000000e+00 0.00000000000000000e+00
2.00000000000000000e+00 0.00000000000000000e+00
3.00000000000000000e+00 0.00000000000000000e+00
4.00000000000000000e+00 0.00000000000000000e+00
5.00000000000000000e+00 0.00000000000000000e+00
6.00000000000000000e+00 0.00000000000000000e+00
7.00000000000000000e+00 0.00000000000000000e+00
8.00000000000000000e+00 0.00000000000000000e+00
9.00000000000000000e+00 0.00000000000000000e+00
-1.15000000000000000e+01 0.00000000000000000e+00
-1.14250000000000007e+01 0.00000000000000000e+00
-1.13500000000000014e+01 0.00000000000000000e+00
-1.12750000000000021e+01 0.00000000000000000e+00
-1.12000000000000028e+01 0.00000000000000000e+00
-1.11250000000000036e+01 0.00000000000000000e+00
-1.10500000000000043e+01 0.00000000000000000e+00
-1.09750000000000050e+01 0.00000000000000000e+00
-1.09000000000000057e+01 0.00000000000000000e+00
-1.08250000000000064e+01 0.00000000000000000e+00
-1.07500000000000071e+01 0.00000000000000000e+00
-1.06750000000000078e+01 0.00000000000000000e+00
-1.06000000000000085e+01 0.00000000000000000e+00
-1.05250000000000092e+01 0.00000000000000000e+00
-1.04500000000000099e+01 0.00000000000000000e+00
-1.03750000000000107e+01 0.00000000000000000e+00
-1.03000000000000114e+01 0.00000000000000000e+00
-1.02250000000000121e+01 0.00000000000000000e+00
-1.01500000000000128e+01 0.00000000000000000e+00
-1.00750000000000135e+01 0.00000000000000000e+00
-1.00000000000000142e+01 0.00000000000000000e+00
-9.92500000000001492e+00 0.00000000000000000e+00
-9.85000000000001563e+00 0.00000000000000000e+00
-9.77500000000001634e+00 0.00000000000000000e+00
-9.70000000000001705e+00 0.00000000000000000e+00
-9.62500000000001776e+00 0.00000000000000000e+00
-9.55000000000001847e+00 0.00000000000000000e+00
-9.47500000000001918e+00 0.00000000000000000e+00
-9.40000000000001990e+00 0.00000000000000000e+00
-9.32500000000002061e+00 0.00000000000000000e+00
-9.25000000000002132e+00 0.00000000000000000e+00
-9.17500000000002203e+00 0.00000000000000000e+00
-9.10000000000002274e+00 0.00000000000000000e+00
-9.02500000000002345e+00 0.00000000000000000e+00
-8.95000000000002416e+00 0.00000000000000000e+00
-8.87500000000002487e+00 0.00000000000000000e+00
-8.80000000000002558e+00 0.00000000000000000e+00
-8.72500000000002629e+00 0.00000000000000000e+00
-8.65000000000002700e+00 0.00000000000000000e+00
-8.57500000000002771e+00 0.00000000000000000e+00
-8.50000000000002842e+00 0.00000000000000000e+00
-8.42500000000002913e+00 0.00000000000000000e+00
-8.35000000000002984e+00 0.00000000000000000e+00
-8.27500000000003055e+00 0.00000000000000000e+00
-8.20000000000003126e+00 0.00000000000000000e+00
-8.12500000000003197e+00 0.00000000000000000e+00
-8.05000000000003268e+00 0.00000000000000000e+00
-7.97500000000003251e+00 0.00000000000000000e+00
-7.90000000000003233e+00 0.00000000000000000e+00
-7.82500000000003215e+00 0.00000000000000000e+00
-7.75000000000003197e+00 0.00000000000000000e+00
-7.67500000000003180e+00 0.00000000000000000e+00
-7.60000000000003162e+00 0.00000000000000000e+00
-7.52500000000003144e+00 0.00000000000000000e+00
-7.45000000000003126e+00 0.00000000000000000e+00
-7.37500000000003109e+00 0.00000000000000000e+00
-7.30000000000003091e+00 0.00000000000000000e+00
-7.22500000000003073e+00 0.00000000000000000e+00
-7.15000000000003055e+00 0.00000000000000000e+00
-7.07500000000003038e+00 0.00000000000000000e+00
-7.00000000000003020e+00 0.00000000000000000e+00
-6.92500000000003002e+00 0.00000000000000000e+00
-6.85000000000002984e+00 0.00000000000000000e+00
-6.77500000000002967e+00 0.00000000000000000e+00
-6.70000000000002949e+00 0.00000000000000000e+00
-6.62500000000002931e+00 0.00000000000000000e+00
-6.55000000000002913e+00 0.00000000000000000e+00
-6.47500000000002895e+00 0.00000000000000000e+00
-6.40000000000002878e+00 0.00000000000000000e+00
-6.32500000000002860e+00 0.00000000000000000e+00
-6.25000000000002842e+00 0.00000000000000000e+00
-6.17500000000002824e+00 0.00000000000000000e+00
-6.10000000000002807e+00 0.00000000000000000e+00
-6.02500000000002789e+00 0.00000000000000000e+00
-5.95000000000002771e+00 0.00000000000000000e+00
-5.87500000000002753e+00 0.00000000000000000e+00
-5.80000000000002736e+00 0.00000000000000000e+00
-5.72500000000002718e+00 0.00000000000000000e+00
-5.65000000000002700e+00 0.00000000000000000e+00
-5.57500000000002682e+00 0.00000000000000000e+00
-5.50000000000002665e+00 0.00000000000000000e+00
