-1.00000000000000000e+01 1.32642839254409495e-02
-9.00000000000000000e+00 1.34274417189988015e-02
-8.00000000000000000e+00 1.29335973998685634e-02
-7.00000000000000000e+00 1.38128839708797375e-02
-6.00000000000000000e+00 1.30649401749145990e-02
-5.00000000000000000e+00 2.30033531810983202e-03
-4.00000000000000000e+00 7.02250292604288638e-04
-3.00000000000000000e+00 5.78512031725423172e-04
-2.00000000000000000e+00 5.78512031725423172e-04
-1.00000000000000000e+00 6.49215862065919704e-04
0.00000000000000000e+00 6.27119841718485043e-04
1.00000000000000000e+00 6.35958132756260248e-04
2.00000000000000000e+00 6.31538967720850892e-04
3.00000000000000000e+00 6.53635183238673975e-04
4.00000000000000000e+00 7.19929685395144189e-04
5.00000000000000000e+00 5.87349464098816049e-04
6.00000000000000000e+00 5.16654375885929767e-04
7.00000000000000000e+00 7.15509778633641310e-04
8.00000000000000000e+00 6.00605905369240123e-04
9.00000000000000000e+00 6.35958132756260248e-04
-8.50000000000000000e+00 1.39943700295819592e-02
-8.42500000000000071e+00 1.40034460381749416e-02
-8.35000000000000142e+00 1.33367920140255464e-02
-8.27500000000000213e+00 1.34229088485640045e-02
-8.20000000000000284e+00 1.37357720667191634e-02
-8.12500000000000355e+00 1.34999731610871542e-02
-8.05000000000000426e+00 1.27343837300257015e-02
-7.97500000000000409e+00 1.32280337721808819e-02
-7.90000000000000391e+00 1.20648760681279117e-02
-7.82500000000000373e+00 1.38264931717706867e-02
-7.75000000000000355e+00 1.28203982012105172e-02
-7.67500000000000338e+00 1.32099096681871035e-02
-7.60000000000000320e+00 1.23135762092414381e-02
-7.52500000000000302e+00 1.24628549724065518e-02
-7.45000000000000284e+00 1.31872554499720511e-02
-7.37500000000000266e+00 1.45483040411955675e-02
-7.30000000000000249e+00 1.37130943272977830e-02
-7.22500000000000231e+00 1.26619618219280337e-02
-7.15000000000000213e+00 1.33141321216295391e-02
-7.07500000000000195e+00 1.28385083727458847e-02
-7.00000000000000178e+00 1.31510108078861342e-02
-6.92500000000000160e+00 1.29245405328075897e-02
-6.85000000000000142e+00 1.33367920140255464e-02
-6.77500000000000124e+00 1.26936451321658754e-02
-6.70000000000000107e+00 1.50846523630531297e-02
-6.62500000000000089e+00 1.32824099747768376e-02
-6.55000000000000071e+00 1.39535300014320494e-02
-6.47500000000000053e+00 1.37856666651751964e-02
-6.40000000000000036e+00 1.35090403213541255e-02
-6.32500000000000018e+00 1.34183760186783792e-02
-6.25000000000000000e+00 1.31464804099555525e-02
-6.17499999999999982e+00 1.25533483788796280e-02
-6.09999999999999964e+00 1.33594529198924807e-02
-6.02499999999999947e+00 1.27796526831012672e-02
-5.94999999999999929e+00 1.28611469979481169e-02
-5.87499999999999911e+00 1.17349718235646092e-02
-5.79999999999999893e+00 1.07465483014743610e-02
-5.72499999999999876e+00 1.08908549834250204e-02
-5.64999999999999858e+00 8.38039796876599401e-03
-5.57499999999999840e+00 8.43874344617630626e-03
-5.49999999999999822e+00 7.60907752720545432e-03
-5.42499999999999805e+00 6.13251744059540010e-03
-5.34999999999999787e+00 5.25311681973468243e-03
-5.27499999999999769e+00 4.76720517607616846e-03
-5.19999999999999751e+00 3.81457869063811126e-03
-5.12499999999999734e+00 3.11683711869659543e-03
-5.04999999999999716e+00 2.61967767344301744e-03
-4.97499999999999698e+00 1.94131823910495939e-03
-4.89999999999999680e+00 2.11414620338263399e-03
-4.82499999999999662e+00 2.07868945264126246e-03
-4.74999999999999645e+00 1.26830087455311177e-03
-4.67499999999999627e+00 1.19750953367829863e-03
-4.59999999999999609e+00 1.25502673560475486e-03
-4.52499999999999591e+00 9.54240627678279549e-04
-4.44999999999999574e+00 7.55290345092600370e-04
-4.37499999999999556e+00 9.49818650904094789e-04
-4.29999999999999538e+00 6.93410830458843610e-04
-4.22499999999999520e+00 7.33189639942051475e-04
-4.14999999999999503e+00 7.06670082238730862e-04
-4.07499999999999485e+00 7.02250292604288638e-04
-3.99999999999999467e+00 7.42029804863828749e-04
-3.92499999999999449e+00 7.55290345092600370e-04
-3.84999999999999432e+00 6.84571524474536096e-04
-3.77499999999999414e+00 6.84571524474536096e-04
-3.69999999999999396e+00 8.52545045741471283e-04
-3.62499999999999378e+00 8.48123967453242732e-04
-3.54999999999999361e+00 5.87349464098816049e-04
-3.47499999999999343e+00 7.95074074401265094e-04
-3.39999999999999325e+00 7.72971612065424286e-04
-3.32499999999999307e+00 6.53635183238673975e-04
-3.24999999999999289e+00 6.49215862065919704e-04
-3.17499999999999272e+00 7.42029804863828749e-04
-3.09999999999999254e+00 6.27119841718485043e-04
-3.02499999999999236e+00 6.53635183238673975e-04
-2.94999999999999218e+00 7.55290345092600370e-04
-2.87499999999999201e+00 6.13862697904475922e-04
-2.79999999999999183e+00 5.56419133752561273e-04
-2.72499999999999165e+00 6.97830542011165312e-04
-2.64999999999999147e+00 8.56966163088612081e-04
-2.57499999999999130e+00 9.05601031943419825e-04
