-1.00000000000000000e+01 1.74225744899456914e-01
-9.00000000000000000e+00 1.77856301531213179e-01
-8.00000000000000000e+00 1.80115061218468792e-01
-7.00000000000000000e+00 1.75088131609870745e-01
-6.00000000000000000e+00 1.78897730621868561e-01
-5.00000000000000000e+00 1.77856301531213179e-01
-4.00000000000000000e+00 1.47133434804667673e-02
-3.00000000000000000e+00 4.01606425702811208e-03
-2.00000000000000000e+00 5.02512562814070359e-03
-1.00000000000000000e+00 4.01606425702811208e-03
0.00000000000000000e+00 4.14208610518388386e-03
1.00000000000000000e+00 2.75758335422411627e-03
2.00000000000000000e+00 3.38642919854508949e-03
3.00000000000000000e+00 2.88328945718941939e-03
4.00000000000000000e+00 4.26813959327140315e-03
5.00000000000000000e+00 5.15140092976504576e-03
6.00000000000000000e+00 5.27770796682583594e-03
7.00000000000000000e+00 2.63190876049630273e-03
8.00000000000000000e+00 3.63818843306987823e-03
9.00000000000000000e+00 4.01606425702811208e-03
-7.50000000000000000e+00 1.79941002949852519e-01
-7.42499999999999982e+00 1.87824795842613218e-01
-7.34999999999999964e+00 1.76643624062362115e-01
-7.27499999999999947e+00 1.74225744899456914e-01
-7.19999999999999929e+00 1.76816710797293331e-01
-7.12499999999999911e+00 1.77856301531213179e-01
-7.04999999999999893e+00 1.82033096926713961e-01
-6.97499999999999876e+00 1.73881144534115933e-01
-6.89999999999999858e+00 1.74398120963006470e-01
-6.82499999999999840e+00 1.74743024963289278e-01
-6.74999999999999822e+00 1.79766996018286385e-01
-6.67499999999999805e+00 1.83782184078129629e-01
-6.59999999999999787e+00 1.75606171932402633e-01
-6.52499999999999769e+00 1.83256914657595027e-01
-6.44999999999999751e+00 1.82906993937601653e-01
-6.37499999999999734e+00 1.72504763300600911e-01
-6.29999999999999716e+00 1.82732111176818451e-01
-6.22499999999999698e+00 1.78724031236186826e-01
-6.14999999999999680e+00 1.73881144534115933e-01
-6.07499999999999662e+00 1.79941002949852519e-01
-5.99999999999999645e+00 1.76816710797293331e-01
-5.92499999999999627e+00 1.82382500738989067e-01
-5.84999999999999609e+00 1.72676634418059222e-01
-5.77499999999999591e+00 1.79941002949852519e-01
-5.69999999999999574e+00 1.78897730621868561e-01
-5.62499999999999556e+00 1.80463331857754178e-01
-5.54999999999999538e+00 1.69248757673194972e-01
-5.47499999999999520e+00 1.77856301531213179e-01
-5.39999999999999503e+00 1.79419136075482821e-01
-5.32499999999999485e+00 1.77336276674025017e-01
-5.24999999999999467e+00 1.74570547643517843e-01
-5.17499999999999449e+00 1.74053419430584083e-01
-5.09999999999999432e+00 1.78550383028874493e-01
-5.02499999999999414e+00 1.82033096926713961e-01
-4.94999999999999396e+00 1.74570547643517843e-01
-4.87499999999999378e+00 1.78724031236186826e-01
-4.79999999999999361e+00 1.80811808118081174e-01
-4.72499999999999343e+00 1.78550383028874493e-01
-4.64999999999999325e+00 1.75433441081398772e-01
-4.57499999999999307e+00 1.80289170846857472e-01
-4.49999999999999289e+00 1.76989848462556998e-01
-4.42499999999999272e+00 1.69419675486040061e-01
-4.34999999999999254e+00 1.68907071887784921e-01
-4.27499999999999236e+00 1.43837575064340861e-01
-4.19999999999999218e+00 9.63409620391941918e-02
-4.12499999999999201e+00 2.69576379974326048e-02
-4.04999999999999183e+00 1.71646535282898929e-02
-3.97499999999999165e+00 1.31712259371833847e-02
-3.89999999999999147e+00 1.21457489878542511e-02
-3.82499999999999130e+00 9.46372239747634084e-03
-3.74999999999999112e+00 8.19155639571518546e-03
-3.67499999999999094e+00 9.84599848523100285e-03
-3.59999999999999076e+00 5.90971960266566034e-03
-3.52499999999999059e+00 6.28930817610062927e-03
-3.44999999999999041e+00 5.02512562814070359e-03
-3.37499999999999023e+00 5.40404675128817406e-03
-3.29999999999999005e+00 3.89007403689296035e-03
-3.22499999999998987e+00 4.52034153691612244e-03
-3.14999999999998970e+00 5.40404675128817406e-03
-3.07499999999998952e+00 5.90971960266566034e-03
-2.99999999999998934e+00 5.78325370882574845e-03
-2.92499999999998916e+00 5.53041729512317778e-03
-2.84999999999998899e+00 4.01606425702811208e-03
-2.77499999999998881e+00 4.77267018337101251e-03
-2.69999999999998863e+00 3.51229302558956355e-03
-2.62499999999998845e+00 4.39422473320778394e-03
-2.54999999999998828e+00 3.76411543287327472e-03
-2.47499999999998810e+00 3.38642919854508949e-03
-2.39999999999998792e+00 5.02512562814070359e-03
-2.32499999999998774e+00 4.26813959327140315e-03
-2.24999999999998757e+00 3.38642919854508949e-03
-2.17499999999998739e+00 4.26813959327140315e-03
-2.09999999999998721e+00 5.15140092976504576e-03
-2.02499999999998703e+00 4.26813959327140315e-03
-1.94999999999998708e+00 4.64649001632550570e-03
-1.87499999999998712e+00 3.76411543287327472e-03
-1.79999999999998717e+00 4.39422473320778394e-03
-1.72499999999998721e+00 3.26059694005517925e-03
-1.64999999999998725e+00 4.14208610518388386e-03
-1.57499999999998730e+00 3.89007403689296035e-03
