-1.00000000000000000e+01 1.80863251934142606e-02
-9.00000000000000000e+00 1.87157854060668524e-02
-8.00000000000000000e+00 1.74314641143401144e-02
-7.00000000000000000e+00 1.77980824914741667e-02
-6.00000000000000000e+00 1.77194991700016721e-02
-5.00000000000000000e+00 3.47653970106833821e-03
-4.00000000000000000e+00 8.09880542619963520e-04
-3.00000000000000000e+00 7.46561388857254959e-04
-2.00000000000000000e+00 6.83250246729255779e-04
-1.00000000000000000e+00 6.32607100382094655e-04
0.00000000000000000e+00 5.43993927509646446e-04
1.00000000000000000e+00 6.32607100382094655e-04
2.00000000000000000e+00 7.46561388857254959e-04
3.00000000000000000e+00 7.33898519549538129e-04
4.00000000000000000e+00 6.95911834297065798e-04
5.00000000000000000e+00 6.45267406404595348e-04
6.00000000000000000e+00 7.71888088881015374e-04
7.00000000000000000e+00 5.56651991295987049e-04
8.00000000000000000e+00 5.69310375365307477e-04
9.00000000000000000e+00 5.94628104401513191e-04
-8.50000000000000000e+00 1.77456922621575357e-02
-8.42500000000000071e+00 1.79814907775675444e-02
-8.35000000000000142e+00 1.83353934899052329e-02
-8.27500000000000213e+00 1.85321124547643892e-02
-8.20000000000000284e+00 1.87026637127105967e-02
-8.12500000000000355e+00 1.78504781148247776e-02
-8.05000000000000426e+00 1.84796466330985273e-02
-7.97500000000000409e+00 1.74838219969380808e-02
-7.90000000000000391e+00 1.76147402822990524e-02
-7.82500000000000373e+00 1.79814907775675444e-02
-7.75000000000000355e+00 1.88601463464907748e-02
-7.67500000000000338e+00 1.83222815940256231e-02
-7.60000000000000320e+00 1.74052871936708035e-02
-7.52500000000000302e+00 1.83091700357942977e-02
-7.45000000000000284e+00 1.77980824914741667e-02
-7.37500000000000266e+00 1.76147402822990524e-02
-7.30000000000000249e+00 1.79290816654868387e-02
-7.22500000000000231e+00 1.75361852685751059e-02
-7.15000000000000213e+00 1.78504781148247776e-02
-7.07500000000000195e+00 1.78635778635778640e-02
-7.00000000000000178e+00 1.84927625817750997e-02
-6.92500000000000160e+00 1.79683879936158170e-02
-6.85000000000000142e+00 1.77325955475485797e-02
-6.77500000000000124e+00 1.73921992384480813e-02
-6.70000000000000107e+00 1.76147402822990524e-02
-6.62500000000000089e+00 1.71697555078260643e-02
-6.55000000000000071e+00 1.80994310136196289e-02
-6.47500000000000053e+00 1.82042897237170744e-02
-6.40000000000000036e+00 1.78635778635778640e-02
-6.32500000000000018e+00 1.80601145652313846e-02
-6.25000000000000000e+00 1.77194991700016721e-02
-6.17499999999999982e+00 1.85058788682695638e-02
-6.09999999999999964e+00 1.78504781148247776e-02
-6.02499999999999947e+00 1.76409279822947358e-02
-5.94999999999999929e+00 1.80601145652313846e-02
-5.87499999999999911e+00 1.74314641143401144e-02
-5.79999999999999893e+00 1.76933074260419744e-02
-5.72499999999999876e+00 1.88338958596346584e-02
-5.64999999999999858e+00 1.72351700365282710e-02
-5.57499999999999840e+00 1.60198353053018321e-02
-5.49999999999999822e+00 1.56936275139341955e-02
-5.42499999999999805e+00 1.42607981943162002e-02
-5.34999999999999787e+00 1.20284588217228847e-02
-5.27499999999999769e+00 8.94280939441489085e-03
-5.19999999999999751e+00 6.63128285412450513e-03
-5.12499999999999734e+00 5.78637467729833498e-03
-5.04999999999999716e+00 3.55293878794031050e-03
-4.97499999999999698e+00 2.17953266764661169e-03
-4.89999999999999680e+00 2.02716399756740304e-03
-4.82499999999999662e+00 2.01446869971746772e-03
-4.74999999999999645e+00 1.54496872071524451e-03
-4.67499999999999627e+00 9.49210889347322593e-04
-4.59999999999999609e+00 1.29136809054769194e-03
-4.52499999999999591e+00 1.12659653919669868e-03
-4.44999999999999574e+00 8.73207709538212340e-04
-4.37499999999999556e+00 9.74547847768032294e-04
-4.29999999999999538e+00 8.60541635029106597e-04
-4.22499999999999520e+00 6.57928032795181941e-04
-4.14999999999999503e+00 9.74547847768032294e-04
-4.07499999999999485e+00 7.21235970695043743e-04
-3.99999999999999467e+00 5.31336183994130028e-04
-3.92499999999999449e+00 6.07287449392712579e-04
-3.84999999999999432e+00 7.97216070863650782e-04
-3.77499999999999414e+00 4.80708412397216954e-04
-3.69999999999999396e+00 5.81969079729763913e-04
-3.62499999999999378e+00 6.19947114715520210e-04
-3.54999999999999361e+00 7.33898519549538129e-04
-3.47499999999999343e+00 5.06021657726950756e-04
-3.39999999999999325e+00 6.95911834297065798e-04
-3.32499999999999307e+00 6.07287449392712579e-04
-3.24999999999999289e+00 6.45267406404595348e-04
-3.17499999999999272e+00 7.33898519549538129e-04
-3.09999999999999254e+00 5.06021657726950756e-04
-3.02499999999999236e+00 5.81969079729763913e-04
-2.94999999999999218e+00 5.94628104401513191e-04
-2.87499999999999201e+00 6.45267406404595348e-04
-2.79999999999999183e+00 6.45267406404595348e-04
-2.72499999999999165e+00 6.57928032795181941e-04
-2.64999999999999147e+00 6.32607100382094655e-04
-2.57499999999999130e+00 5.18678760737282911e-04
