-1.00000000000000000e+01 8.25112107623318380e-02
-9.00000000000000000e+00 8.94730903757192803e-02
-8.00000000000000000e+00 7.19360568383659027e-02
-7.00000000000000000e+00 7.21741061514545867e-02
-6.00000000000000000e+00 1.02408950793469580e-01
-5.00000000000000000e+00 8.23898666068826335e-02
-4.00000000000000000e+00 1.50320613896772846e-02
-3.00000000000000000e+00 9.32932517881206592e-04
-2.00000000000000000e+00 1.03669914990669717e-03
-1.00000000000000000e+00 1.76366843033509690e-03
0.00000000000000000e+00 1.65975103734439830e-03
1.00000000000000000e+00 1.34812817587887579e-03
2.00000000000000000e+00 9.32932517881206592e-04
3.00000000000000000e+00 1.65975103734439830e-03
4.00000000000000000e+00 1.34812817587887579e-03
5.00000000000000000e+00 9.32932517881206592e-04
6.00000000000000000e+00 1.45198091682223604e-03
7.00000000000000000e+00 1.65975103734439830e-03
8.00000000000000000e+00 1.86760738742477702e-03
9.00000000000000000e+00 1.14048729911871431e-03
-7.50000000000000000e+00 9.80213782124175620e-02
-7.42499999999999982e+00 7.52783964365256186e-02
-7.34999999999999964e+00 9.64005904394231866e-02
-7.27499999999999947e+00 9.03342366757000914e-02
-7.19999999999999929e+00 8.99650073371712350e-02
-7.12499999999999911e+00 7.26505221061986284e-02
-7.04999999999999893e+00 8.70201508499380827e-02
-6.97499999999999876e+00 1.01277372262773724e-01
-6.89999999999999858e+00 8.17835536634550775e-02
-6.82499999999999840e+00 1.03668990741799069e-01
-6.74999999999999822e+00 7.59973256073100123e-02
-6.67499999999999805e+00 7.19360568383659027e-02
-6.59999999999999787e+00 7.88826815642458129e-02
-6.52499999999999769e+00 8.10568741603224369e-02
-6.44999999999999751e+00 7.27696922564159548e-02
-6.37499999999999734e+00 9.52813067150635185e-02
-6.29999999999999716e+00 8.64086408640864084e-02
-6.22499999999999698e+00 1.01026225769669326e-01
-6.14999999999999680e+00 9.13200723327305675e-02
-6.07499999999999662e+00 1.04552733928162889e-01
-5.99999999999999645e+00 9.77717144156434737e-02
-5.92499999999999627e+00 8.71425354649853628e-02
-5.84999999999999609e+00 8.12989921612542049e-02
-5.77499999999999591e+00 1.09502470412501440e-01
-5.69999999999999574e+00 1.02031499657612421e-01
-5.62499999999999556e+00 8.39694656488549629e-02
-5.54999999999999538e+00 8.03311702841799091e-02
-5.47499999999999520e+00 7.13413957616775701e-02
-5.39999999999999503e+00 7.63571508193066489e-02
-5.32499999999999485e+00 7.56377408933942286e-02
-5.24999999999999467e+00 8.19047619047619108e-02
-5.17499999999999449e+00 8.16623725775736525e-02
-5.09999999999999432e+00 8.83678990081154248e-02
-5.02499999999999414e+00 8.40911642528348463e-02
-4.94999999999999396e+00 8.79999999999999949e-02
-4.87499999999999378e+00 8.98419864559819453e-02
-4.79999999999999361e+00 7.45604273314044025e-02
-4.72499999999999343e+00 9.14434271504464824e-02
-4.64999999999999325e+00 6.96798493408662956e-02
-4.57499999999999307e+00 7.43213173119715159e-02
-4.49999999999999289e+00 6.76691729323308233e-02
-4.42499999999999272e+00 4.78567552902875726e-02
-4.34999999999999254e+00 6.68434427135123216e-02
-4.27499999999999236e+00 3.97329600516851539e-02
-4.19999999999999218e+00 2.48354914030991282e-02
-4.12499999999999201e+00 2.37489397794741312e-02
-4.04999999999999183e+00 1.74920969441517381e-02
-3.97499999999999165e+00 1.56726622488692555e-02
-3.89999999999999147e+00 1.82431719919856593e-02
-3.82499999999999130e+00 1.83505589538072132e-02
-3.74999999999999112e+00 7.40740740740740769e-03
-3.67499999999999094e+00 7.30231587732109357e-03
-3.59999999999999076e+00 1.42857142857142853e-02
-3.52499999999999059e+00 3.53356890459363953e-03
-3.44999999999999041e+00 4.47310933111411645e-03
-3.37499999999999023e+00 1.24429697221070104e-03
-3.29999999999999005e+00 1.03669914990669717e-03
-3.22499999999998987e+00 1.14048729911871431e-03
-3.14999999999998970e+00 4.68213505358443423e-03
-3.07499999999998952e+00 2.49169435215946828e-03
-2.99999999999998934e+00 1.76366843033509690e-03
-2.92499999999998916e+00 1.55585520174255786e-03
-2.84999999999998899e+00 2.38762586940724584e-03
-2.77499999999998881e+00 1.14048729911871431e-03
-2.69999999999998863e+00 1.14048729911871431e-03
-2.62499999999998845e+00 1.45198091682223604e-03
-2.54999999999998828e+00 1.45198091682223604e-03
-2.47499999999998810e+00 1.55585520174255786e-03
-2.39999999999998792e+00 2.59578444605959927e-03
-2.32499999999998774e+00 1.24429697221070104e-03
-2.24999999999998757e+00 1.45198091682223604e-03
-2.17499999999998739e+00 1.14048729911871431e-03
-2.09999999999998721e+00 1.34812817587887579e-03
-2.02499999999998703e+00 1.97156791532634643e-03
-1.94999999999998708e+00 7.25463778629909873e-04
-1.87499999999998712e+00 1.03669914990669717e-03
-1.79999999999998717e+00 2.90818446198587433e-03
-1.72499999999998721e+00 2.17955371043072150e-03
-1.64999999999998725e+00 4.14421881475341878e-04
-1.57499999999998730e+00 1.76366843033509690e-03
