-1.00000000000000000e+01 5.33177014068733843e-02
-9.00000000000000000e+00 4.37661692394675089e-02
-8.00000000000000000e+00 4.23476838086525101e-02
-7.00000000000000000e+00 4.22692633361557990e-02
-6.00000000000000000e+00 3.77763695254189555e-02
-5.00000000000000000e+00 2.40216391328620729e-02
-4.00000000000000000e+00 4.82033636246504121e-03
-3.00000000000000000e+00 2.11395740375831418e-03
-2.00000000000000000e+00 2.64910687254011484e-03
-1.00000000000000000e+00 2.23498393842051042e-03
0.00000000000000000e+00 2.49954827440823949e-03
1.00000000000000000e+00 4.33844476353556410e-03
2.00000000000000000e+00 2.15989223116114888e-03
3.00000000000000000e+00 2.07011078504970537e-03
4.00000000000000000e+00 1.81564673796463707e-03
5.00000000000000000e+00 2.43968351674748920e-03
6.00000000000000000e+00 1.99571688453242671e-03
7.00000000000000000e+00 2.71147603589841531e-03
8.00000000000000000e+00 2.19507175902990039e-03
9.00000000000000000e+00 2.39914563340453075e-03
-9.00000000000000000e+00 3.81345238406043049e-02
-8.90000000000000036e+00 4.65691867506889678e-02
-8.80000000000000071e+00 4.08328036692834906e-02
-8.70000000000000107e+00 4.28338961697958057e-02
-8.60000000000000142e+00 4.00737107114121846e-02
-8.50000000000000178e+00 4.14759700653198962e-02
-8.40000000000000213e+00 4.32816937545896091e-02
-8.30000000000000249e+00 4.75733897272303669e-02
-8.20000000000000284e+00 4.32917551385318955e-02
-8.10000000000000320e+00 4.02955060583854510e-02
-8.00000000000000355e+00 4.17804382832738241e-02
-7.90000000000000391e+00 4.58445131851041646e-02
-7.80000000000000426e+00 4.45590441040160448e-02
-7.70000000000000462e+00 4.07701019252548133e-02
-7.60000000000000497e+00 4.25312472685954041e-02
-7.50000000000000533e+00 4.80659766578894754e-02
-7.40000000000000568e+00 4.12481939598971017e-02
-7.30000000000000604e+00 4.03988398633921969e-02
-7.20000000000000639e+00 4.12800706245861834e-02
-7.10000000000000675e+00 3.93429360347526333e-02
-7.00000000000000711e+00 4.31640846854876026e-02
-6.90000000000000746e+00 4.52057908172185871e-02
-6.80000000000000782e+00 4.06740926179531212e-02
-6.70000000000000817e+00 4.11339680380822872e-02
-6.60000000000000853e+00 4.17853006991789205e-02
-6.50000000000000888e+00 4.66261196891011101e-02
-6.40000000000000924e+00 3.94337714863498487e-02
-6.30000000000000959e+00 4.67929017547338150e-02
-6.20000000000000995e+00 4.50267332420131658e-02
-6.10000000000001030e+00 4.23377699518359338e-02
-6.00000000000001066e+00 4.37985651891740213e-02
-5.90000000000001101e+00 4.45590178757738070e-02
-5.80000000000001137e+00 3.92666797840760320e-02
-5.70000000000001172e+00 4.12164370974439642e-02
-5.60000000000001208e+00 3.95122371596001373e-02
-5.50000000000001243e+00 4.05936385951825435e-02
-5.40000000000001279e+00 3.56896812461142965e-02
-5.30000000000001315e+00 3.28317485213867888e-02
-5.20000000000001350e+00 3.10313007831320396e-02
-5.10000000000001386e+00 2.09030100334448160e-02
-5.00000000000001421e+00 2.35080240722166482e-02
-4.90000000000001457e+00 1.66566871699961906e-02
-4.80000000000001492e+00 2.36024654022397411e-02
-4.70000000000001528e+00 1.70514631529382690e-02
-4.60000000000001563e+00 1.20132786565124005e-02
-4.50000000000001599e+00 1.20222019207885823e-02
-4.40000000000001634e+00 6.91507166113866645e-03
-4.30000000000001670e+00 8.32470115003364729e-03
-4.20000000000001705e+00 5.56725037976050011e-03
-4.10000000000001741e+00 5.76872188409632142e-03
-4.00000000000001776e+00 6.91633441884529927e-03
-3.90000000000001767e+00 3.41551685139108779e-03
-3.80000000000001759e+00 4.94243821952225579e-03
-3.70000000000001750e+00 5.03730779687641596e-03
-3.60000000000001741e+00 3.05619330799051505e-03
-3.50000000000001732e+00 3.90823228230161544e-03
-3.40000000000001723e+00 2.42756754725489445e-03
-3.30000000000001714e+00 2.08776191922259349e-03
-3.20000000000001705e+00 2.26301232084485807e-03
-3.10000000000001696e+00 3.25534234460886319e-03
-3.00000000000001688e+00 2.26190567469962672e-03
-2.90000000000001679e+00 2.28336225091447164e-03
-2.80000000000001670e+00 2.31868832776798090e-03
-2.70000000000001661e+00 1.99655977392800086e-03
-2.60000000000001652e+00 2.73670204723457013e-03
-2.50000000000001643e+00 2.39744875264812519e-03
-2.40000000000001634e+00 2.36820737978528243e-03
-2.30000000000001625e+00 1.70940170940170940e-03
-2.20000000000001616e+00 2.23121431002533746e-03
-2.10000000000001608e+00 2.35157563104381297e-03
-2.00000000000001599e+00 2.05661294544366756e-03
-1.90000000000001590e+00 2.28862530413625294e-03
-1.80000000000001581e+00 2.21900190200163046e-03
-1.70000000000001572e+00 2.43196206139184232e-03
-1.60000000000001563e+00 2.19126745077391234e-03
-1.50000000000001554e+00 1.87100025964901566e-03
-1.40000000000001545e+00 2.33404269925173349e-03
-1.30000000000001537e+00 2.29438100133342281e-03
-1.20000000000001528e+00 2.45407163153975880e-03
-1.10000000000001519e+00 2.20773998740601916e-03
-1.00000000000001510e+00 2.16551122607034924e-03
