-1.00000000000000000e+01 2.31082757398546855e-02
-9.00000000000000000e+00 2.03237664357415540e-02
-8.00000000000000000e+00 1.97470679666525359e-02
-7.00000000000000000e+00 2.37250868855947220e-02
-6.00000000000000000e+00 1.90271109855972877e-02
-5.00000000000000000e+00 1.46572934973637960e-02
-4.00000000000000000e+00 6.93312996152112911e-04
-3.00000000000000000e+00 2.07893004400401928e-04
-2.00000000000000000e+00 4.15872465777161651e-04
-1.00000000000000000e+00 6.23938438074110070e-04
0.00000000000000000e+00 5.89254766031195826e-04
1.00000000000000000e+00 4.15872465777161651e-04
2.00000000000000000e+00 3.81203215968949256e-04
3.00000000000000000e+00 3.46536368991925709e-04
4.00000000000000000e+00 3.81203215968949256e-04
5.00000000000000000e+00 1.73238167833136993e-04
6.00000000000000000e+00 2.42550242550242546e-04
7.00000000000000000e+00 4.50544118666389420e-04
8.00000000000000000e+00 3.11871924596299123e-04
9.00000000000000000e+00 5.54573498318949084e-04
-9.00000000000000000e+00 1.89551711966113659e-02
-8.90000000000000036e+00 2.15514190671668195e-02
-8.80000000000000071e+00 1.98191196212817063e-02
-8.70000000000000107e+00 2.15152694716727426e-02
-8.60000000000000142e+00 2.13706966705586796e-02
-8.50000000000000178e+00 2.29995038627826207e-02
-8.40000000000000213e+00 2.28907551114418337e-02
-8.30000000000000249e+00 2.33621667612024971e-02
-8.20000000000000284e+00 2.53614179661137348e-02
-8.10000000000000320e+00 2.18407079646017709e-02
-8.00000000000000355e+00 1.94589631303856460e-02
-7.90000000000000391e+00 2.22387478310138477e-02
-7.80000000000000426e+00 2.33258889007054472e-02
-7.70000000000000462e+00 2.20577821838266533e-02
-7.60000000000000497e+00 2.29270021261516639e-02
-7.50000000000000533e+00 1.98191196212817063e-02
-7.40000000000000568e+00 2.07928144559567166e-02
-7.30000000000000604e+00 1.97470679666525359e-02
-7.20000000000000639e+00 2.09011175555241201e-02
-7.10000000000000675e+00 2.13345598641381251e-02
-7.00000000000000711e+00 1.85956245589273123e-02
-6.90000000000000746e+00 2.05401965636710752e-02
-6.80000000000000782e+00 2.28907551114418337e-02
-6.70000000000000817e+00 2.06123603450714191e-02
-6.60000000000000853e+00 2.26370979169618833e-02
-6.50000000000000888e+00 1.90990609334180626e-02
-6.40000000000000924e+00 2.14068360342509374e-02
-6.30000000000000959e+00 1.91350397175639904e-02
-6.20000000000000995e+00 1.97470679666525359e-02
-6.10000000000001030e+00 1.98191196212817063e-02
-6.00000000000001066e+00 2.01074280867905852e-02
-5.90000000000001101e+00 1.89551711966113659e-02
-5.80000000000001137e+00 2.16960430381538914e-02
-5.70000000000001172e+00 2.20215967427863334e-02
-5.60000000000001208e+00 2.06484460630060457e-02
-5.50000000000001243e+00 2.30720158775163039e-02
-5.40000000000001279e+00 2.18407079646017709e-02
-5.30000000000001315e+00 2.05401965636710752e-02
-5.20000000000001350e+00 2.12984256147178488e-02
-5.10000000000001386e+00 1.96029951963831578e-02
-5.00000000000001421e+00 1.69091485539155234e-02
-4.90000000000001457e+00 1.00773295076804648e-02
-4.80000000000001492e+00 7.92597765363128523e-03
-4.70000000000001528e+00 4.03464227331223283e-03
-4.60000000000001563e+00 3.12749765437675929e-03
-4.50000000000001599e+00 2.74419897179380276e-03
-4.40000000000001634e+00 1.10976244147737118e-03
-4.30000000000001670e+00 7.28003882687374326e-04
-4.20000000000001705e+00 1.28338536246964973e-03
-4.10000000000001741e+00 5.19894634687370063e-04
-4.00000000000001776e+00 9.01494400332859499e-04
-3.90000000000001767e+00 5.19894634687370063e-04
-3.80000000000001759e+00 5.19894634687370063e-04
-3.70000000000001750e+00 3.81203215968949256e-04
-3.60000000000001741e+00 6.93312996152112911e-04
-3.50000000000001732e+00 3.81203215968949256e-04
-3.40000000000001723e+00 3.46536368991925709e-04
-3.30000000000001714e+00 5.89254766031195826e-04
-3.20000000000001705e+00 5.19894634687370063e-04
-3.10000000000001696e+00 5.54573498318949084e-04
-3.00000000000001688e+00 1.73238167833136993e-04
-2.90000000000001679e+00 3.11871924596299123e-04
-2.80000000000001670e+00 4.15872465777161651e-04
-2.70000000000001661e+00 3.81203215968949256e-04
-2.60000000000001652e+00 3.81203215968949256e-04
-2.50000000000001643e+00 3.46536368991925709e-04
-2.40000000000001634e+00 6.23938438074110070e-04
-2.30000000000001625e+00 8.32090975279963950e-04
-2.20000000000001616e+00 3.46536368991925709e-04
-2.10000000000001608e+00 2.42550242550242546e-04
-2.00000000000001599e+00 3.11871924596299123e-04
-1.90000000000001590e+00 6.58624514697725969e-04
-1.80000000000001581e+00 1.73238167833136993e-04
-1.70000000000001572e+00 4.15872465777161651e-04
-1.60000000000001563e+00 4.85218174886493621e-04
-1.50000000000001554e+00 5.54573498318949084e-04
-1.40000000000001545e+00 3.81203215968949256e-04
-1.30000000000001537e+00 4.15872465777161651e-04
-1.20000000000001528e+00 3.81203215968949256e-04
-1.10000000000001519e+00 3.11871924596299123e-04
-1.00000000000001510e+00 2.42550242550242546e-04
