-1.00000000000000000e+01 2.89172164079162727e-02
-9.00000000000000000e+00 3.44586844861118069e-02
-8.00000000000000000e+00 3.01946762018275722e-02
-7.00000000000000000e+00 3.41492596839323981e-02
-6.00000000000000000e+00 3.91223763963332166e-02
-5.00000000000000000e+00 3.72518625931296532e-02
-4.00000000000000000e+00 2.46460155608176686e-03
-3.00000000000000000e+00 6.75349734684032796e-04
-2.00000000000000000e+00 5.30555153619833154e-04
-1.00000000000000000e+00 5.78815357900829626e-04
0.00000000000000000e+00 8.68474380005789795e-04
1.00000000000000000e+00 6.27080218030968083e-04
2.00000000000000000e+00 3.37560881516130585e-04
3.00000000000000000e+00 3.37560881516130585e-04
4.00000000000000000e+00 5.30555153619833154e-04
5.00000000000000000e+00 3.37560881516130585e-04
6.00000000000000000e+00 7.23623908533937922e-04
7.00000000000000000e+00 5.78815357900829626e-04
8.00000000000000000e+00 5.30555153619833154e-04
9.00000000000000000e+00 6.27080218030968083e-04
-7.50000000000000000e+00 3.38915470494417850e-02
-7.42499999999999982e+00 3.07065487429196080e-02
-7.34999999999999964e+00 3.47166799680766192e-02
-7.27499999999999947e+00 3.57499500699021353e-02
-7.19999999999999929e+00 3.11164131623421804e-02
-7.12499999999999911e+00 3.82902047149506972e-02
-7.04999999999999893e+00 2.97344254157359163e-02
-6.97499999999999876e+00 2.96322033057030837e-02
-6.89999999999999858e+00 3.48715390371663742e-02
-6.82499999999999840e+00 2.92745856901855707e-02
-6.74999999999999822e+00 3.51813962772593442e-02
-6.67499999999999805e+00 2.87131167865112835e-02
-6.59999999999999787e+00 2.58134704776975567e-02
-6.52499999999999769e+00 2.91213970332886846e-02
-6.44999999999999751e+00 3.03481845725922621e-02
-6.37499999999999734e+00 3.38400199352105677e-02
-6.29999999999999716e+00 3.00412135657182576e-02
-6.22499999999999698e+00 3.09114402146903888e-02
-6.14999999999999680e+00 3.08602097102817670e-02
-6.07499999999999662e+00 2.99389305396951487e-02
-5.99999999999999645e+00 3.77707739256591124e-02
-5.92499999999999627e+00 3.03993641963043910e-02
-5.84999999999999609e+00 3.00412135657182576e-02
-5.77499999999999591e+00 3.47166799680766192e-02
-5.69999999999999574e+00 3.46650705770861420e-02
-5.62499999999999556e+00 3.28619796853216461e-02
-5.54999999999999538e+00 3.06553385998906934e-02
-5.47499999999999520e+00 3.73556033405010729e-02
-5.39999999999999503e+00 2.90703442801865247e-02
-5.32499999999999485e+00 3.93306277869632723e-02
-5.24999999999999467e+00 3.55431309904153322e-02
-5.17499999999999449e+00 3.87581372058087154e-02
-5.09999999999999432e+00 3.39946166882663728e-02
-5.02499999999999414e+00 3.17831385227555357e-02
-4.94999999999999396e+00 3.47682945079064165e-02
-4.87499999999999378e+00 2.10671392006300459e-02
-4.79999999999999361e+00 1.81104294478527592e-02
-4.72499999999999343e+00 1.44261333072521879e-02
-4.64999999999999325e+00 9.78435476804750959e-03
-4.57499999999999307e+00 6.06236965905233068e-03
-4.49999999999999289e+00 6.99029126213592238e-03
-4.42499999999999272e+00 7.18586133229753322e-03
-4.34999999999999254e+00 3.72574635892969483e-03
-4.27499999999999236e+00 2.56150016915567165e-03
-4.19999999999999218e+00 3.33736396614268439e-03
-4.12499999999999201e+00 2.22243695042999333e-03
-4.04999999999999183e+00 1.54499806875241404e-03
-3.97499999999999165e+00 3.28883729928419440e-03
-3.89999999999999147e+00 1.06167358363092371e-03
-3.82499999999999130e+00 2.60995650072498803e-03
-3.74999999999999112e+00 1.59335618753319490e-03
-3.67499999999999094e+00 4.82299604514324284e-04
-3.59999999999999076e+00 7.23623908533937922e-04
-3.52499999999999059e+00 7.23623908533937922e-04
-3.44999999999999041e+00 6.75349734684032796e-04
-3.37499999999999023e+00 9.16767189384801000e-04
-3.29999999999999005e+00 5.30555153619833154e-04
-3.22499999999998987e+00 3.85802469135802448e-04
-3.14999999999998970e+00 4.34048709910778900e-04
-3.07499999999998952e+00 4.34048709910778900e-04
-2.99999999999998934e+00 7.71902740254727941e-04
-2.92499999999998916e+00 6.75349734684032796e-04
-2.84999999999998899e+00 5.78815357900829626e-04
-2.77499999999998881e+00 5.78815357900829626e-04
-2.69999999999998863e+00 6.27080218030968083e-04
-2.62499999999998845e+00 4.82299604514324284e-04
-2.54999999999998828e+00 3.37560881516130585e-04
-2.47499999999998810e+00 7.23623908533937922e-04
-2.39999999999998792e+00 1.44641049129743012e-04
-2.32499999999998774e+00 3.85802469135802448e-04
-2.24999999999998757e+00 3.85802469135802448e-04
-2.17499999999998739e+00 2.89323946378628588e-04
-2.09999999999998721e+00 3.37560881516130585e-04
-2.02499999999998703e+00 6.75349734684032796e-04
-1.94999999999998708e+00 1.44641049129743012e-04
-1.87499999999998712e+00 6.27080218030968083e-04
-1.79999999999998717e+00 7.23623908533937922e-04
-1.72499999999998721e+00 2.41091663050291727e-04
-1.64999999999998725e+00 6.27080218030968083e-04
-1.57499999999998730e+00 7.71902740254727941e-04
