-1.00000000000000000e+01 2.25304824173882326e-02
-9.00000000000000000e+00 2.15966062475896649e-02
-8.00000000000000000e+00 2.08222811671087520e-02
-7.00000000000000000e+00 2.29296527159394484e-02
-6.00000000000000000e+00 2.40658090487442036e-02
-5.00000000000000000e+00 1.56224506444770754e-02
-4.00000000000000000e+00 5.46789564130604642e-04
-3.00000000000000000e+00 4.29335310877795547e-04
-2.00000000000000000e+00 5.86349777187084660e-04
-1.00000000000000000e+00 5.09224803165028044e-04
0.00000000000000000e+00 1.96633632216454304e-04
1.00000000000000000e+00 5.24405002016942309e-04
2.00000000000000000e+00 3.12512207508105783e-04
3.00000000000000000e+00 5.48138287459378989e-04
4.00000000000000000e+00 3.93778302815514861e-04
5.00000000000000000e+00 7.09919148097022321e-04
6.00000000000000000e+00 4.31034482758620684e-04
7.00000000000000000e+00 3.51384062780619240e-04
8.00000000000000000e+00 5.07574574418241491e-04
9.00000000000000000e+00 3.93886875689302026e-04
-9.00000000000000000e+00 1.97559048204407756e-02
-8.90000000000000036e+00 2.58609315213088782e-02
-8.80000000000000071e+00 2.20927723840345196e-02
-8.70000000000000107e+00 2.42764993026499294e-02
-8.60000000000000142e+00 2.17305064574425874e-02
-8.50000000000000178e+00 2.31656869148704550e-02
-8.40000000000000213e+00 2.62470676758287981e-02
-8.30000000000000249e+00 2.15403285225154936e-02
-8.20000000000000284e+00 2.15788768261627115e-02
-8.10000000000000320e+00 2.45700245700245685e-02
-8.00000000000000355e+00 2.31690727982798716e-02
-7.90000000000000391e+00 2.13724278018193048e-02
-7.80000000000000426e+00 2.37488259761170009e-02
-7.70000000000000462e+00 2.48892363825905655e-02
-7.60000000000000497e+00 2.17917675544794173e-02
-7.50000000000000533e+00 2.02951211946647767e-02
-7.40000000000000568e+00 2.30438521066208095e-02
-7.30000000000000604e+00 2.45377112846992367e-02
-7.20000000000000639e+00 2.34830305107987664e-02
-7.10000000000000675e+00 2.14807838916543335e-02
-7.00000000000000711e+00 2.27074235807860278e-02
-6.90000000000000746e+00 1.89859477556054805e-02
-6.80000000000000782e+00 2.53142304649731920e-02
-6.70000000000000817e+00 2.22251389071181707e-02
-6.60000000000000853e+00 2.16598567725495364e-02
-6.50000000000000888e+00 2.13410674862560060e-02
-6.40000000000000924e+00 2.35501653803748615e-02
-6.30000000000000959e+00 2.11640211640211628e-02
-6.20000000000000995e+00 2.17769277579761798e-02
-6.10000000000001030e+00 2.12495618647038191e-02
-6.00000000000001066e+00 2.23269332393870000e-02
-5.90000000000001101e+00 2.21386443285750932e-02
-5.80000000000001137e+00 2.44335062746663112e-02
-5.70000000000001172e+00 2.68509205405169024e-02
-5.60000000000001208e+00 2.17126538154634417e-02
-5.50000000000001243e+00 2.10032017075773743e-02
-5.40000000000001279e+00 2.42270914626302458e-02
-5.30000000000001315e+00 2.23480083857442342e-02
-5.20000000000001350e+00 2.27243493547142315e-02
-5.10000000000001386e+00 2.12701959436232373e-02
-5.00000000000001421e+00 1.96759743793695312e-02
-4.90000000000001457e+00 1.47905016613988170e-02
-4.80000000000001492e+00 9.74180262949469328e-03
-4.70000000000001528e+00 4.78262573993492451e-03
-4.60000000000001563e+00 4.16286722435872062e-03
-4.50000000000001599e+00 1.52195121951219522e-03
-4.40000000000001634e+00 1.63992034672601618e-03
-4.30000000000001670e+00 1.02036811742082329e-03
-4.20000000000001705e+00 8.60551535302170952e-04
-4.10000000000001741e+00 1.36409696780731148e-03
-4.00000000000001776e+00 5.84612986203133568e-04
-3.90000000000001767e+00 3.92757550763913460e-04
-3.80000000000001759e+00 6.65883274578926796e-04
-3.70000000000001750e+00 2.74757624524080547e-04
-3.60000000000001741e+00 3.12353584257379371e-04
-3.50000000000001732e+00 5.48933500627352545e-04
-3.40000000000001723e+00 3.90061239614619519e-04
-3.30000000000001714e+00 2.34833659491193744e-04
-3.20000000000001705e+00 4.69501936695488850e-04
-3.10000000000001696e+00 2.33754090696587202e-04
-3.00000000000001688e+00 1.94992590281569290e-04
-2.90000000000001679e+00 4.30781280595261416e-04
-2.80000000000001670e+00 2.74951883420401452e-04
-2.70000000000001661e+00 6.64192225043953931e-04
-2.60000000000001652e+00 2.33091177498931672e-04
-2.50000000000001643e+00 5.09264700121440038e-04
-2.40000000000001634e+00 3.11878679193793625e-04
-2.30000000000001625e+00 4.69153178512784401e-04
-2.20000000000001616e+00 3.99536537616365032e-04
-2.10000000000001608e+00 4.32304971507172344e-04
-2.00000000000001599e+00 4.66254808252710080e-04
-1.90000000000001590e+00 2.72098266345331555e-04
-1.80000000000001581e+00 3.51892399124178936e-04
-1.70000000000001572e+00 5.51246210182304965e-04
-1.60000000000001563e+00 3.92973631469328399e-04
-1.50000000000001554e+00 5.05915317559153138e-04
-1.40000000000001545e+00 4.27400240898317605e-04
-1.30000000000001537e+00 3.13087038196618644e-04
-1.20000000000001528e+00 3.50194552529182904e-04
-1.10000000000001519e+00 2.35710076605774897e-04
-1.00000000000001510e+00 3.49827029968515554e-04
