-1.00000000000000000e+01 1.76778466139713736e-01
-9.00000000000000000e+00 1.70154009559214031e-01
-8.00000000000000000e+00 1.63726629344037172e-01
-7.00000000000000000e+00 1.71107646516901718e-01
-6.00000000000000000e+00 1.60457849092377369e-01
-5.00000000000000000e+00 1.61518186610437542e-01
-4.00000000000000000e+00 1.00709361574582879e-01
-3.00000000000000000e+00 3.97934386391251508e-03
-2.00000000000000000e+00 3.52208896310915454e-03
-1.00000000000000000e+00 2.54800254800254802e-03
0.00000000000000000e+00 4.34544791540051028e-03
1.00000000000000000e+00 3.52208896310915454e-03
2.00000000000000000e+00 2.48718493129909896e-03
3.00000000000000000e+00 2.70007887870881607e-03
4.00000000000000000e+00 2.15281989084293527e-03
5.00000000000000000e+00 2.88263138730428465e-03
6.00000000000000000e+00 2.51759281727735986e-03
7.00000000000000000e+00 4.13185477745708647e-03
8.00000000000000000e+00 2.30477634571645169e-03
9.00000000000000000e+00 3.24793589120932506e-03
-8.00000000000000000e+00 1.57450534057082814e-01
-7.90000000000000036e+00 1.69822673698368315e-01
-7.80000000000000071e+00 1.68705799151343705e-01
-7.70000000000000107e+00 1.60091260091260096e-01
-7.60000000000000142e+00 1.63521791170879394e-01
-7.50000000000000178e+00 1.67962400169623299e-01
-7.40000000000000213e+00 1.66272627827375702e-01
-7.30000000000000249e+00 1.67549809241203912e-01
-7.20000000000000284e+00 1.54297488911395941e-01
-7.10000000000000320e+00 1.66931469124033477e-01
-7.00000000000000355e+00 1.60131980764505605e-01
-6.90000000000000391e+00 1.77029914529914539e-01
-6.80000000000000426e+00 1.76359624145785876e-01
-6.70000000000000462e+00 1.67632304105136715e-01
-6.60000000000000497e+00 1.80139970006427202e-01
-6.50000000000000533e+00 1.61640657950231970e-01
-6.40000000000000568e+00 1.70485533165704584e-01
-6.30000000000000604e+00 1.64300560115545835e-01
-6.20000000000000639e+00 1.61314125087842597e-01
-6.10000000000000675e+00 1.63849566870906405e-01
-6.00000000000000711e+00 1.70609902953885395e-01
-5.90000000000000746e+00 1.74311600639545206e-01
-5.80000000000000782e+00 1.60743134087237477e-01
-5.70000000000000817e+00 1.68581833610295939e-01
-5.60000000000000853e+00 1.65450121654501209e-01
-5.50000000000000888e+00 1.62907709088350172e-01
-5.40000000000000924e+00 1.57856016815554390e-01
-5.30000000000000959e+00 1.62457794034890274e-01
-5.20000000000000995e+00 1.60050542276508362e-01
-5.10000000000001030e+00 1.62212532526900627e-01
-5.00000000000001066e+00 1.54378121616429748e-01
-4.90000000000001101e+00 1.57288420462901368e-01
-4.80000000000001137e+00 1.51402194739592405e-01
-4.70000000000001172e+00 1.58627217275467997e-01
-4.60000000000001208e+00 1.49639987477825309e-01
-4.50000000000001243e+00 1.43198090692124108e-01
-4.40000000000001279e+00 1.27097258218524078e-01
-4.30000000000001315e+00 1.15871568925351970e-01
-4.20000000000001350e+00 1.03281369963614519e-01
-4.10000000000001386e+00 1.04276645506181084e-01
-4.00000000000001421e+00 1.00086539741712152e-01
-3.90000000000001412e+00 9.17649390546031174e-02
-3.80000000000001403e+00 7.91106177354055085e-02
-3.70000000000001394e+00 6.23573655620198661e-02
-3.60000000000001386e+00 1.92746561401344607e-02
-3.50000000000001377e+00 4.58966565349544064e-03
-3.40000000000001368e+00 3.94884724036329363e-03
-3.30000000000001359e+00 4.16236252050799019e-03
-3.20000000000001350e+00 3.76590639900385715e-03
-3.10000000000001341e+00 2.73049968144170379e-03
-3.00000000000001332e+00 2.79134682484298655e-03
-2.90000000000001323e+00 3.46115311048365067e-03
-2.80000000000001315e+00 3.36976320582877981e-03
-2.70000000000001306e+00 2.85220135327851447e-03
-2.60000000000001297e+00 3.15658481804109627e-03
-2.50000000000001288e+00 2.24398823422385313e-03
-2.40000000000001279e+00 3.21748368492942799e-03
-2.30000000000001270e+00 3.67446097783176440e-03
-2.20000000000001261e+00 3.76590639900385715e-03
-2.10000000000001252e+00 4.04034266966401320e-03
-2.00000000000001243e+00 1.94015824415678896e-03
-1.90000000000001235e+00 3.52208896310915454e-03
-1.80000000000001226e+00 3.58303221692527233e-03
-1.70000000000001217e+00 2.60882754436523581e-03
-1.60000000000001208e+00 3.58303221692527233e-03
-1.50000000000001199e+00 2.42637469291195288e-03
-1.40000000000001190e+00 3.06525037936267088e-03
-1.30000000000001181e+00 2.73049968144170379e-03
-1.20000000000001172e+00 3.18703332726279383e-03
-1.10000000000001164e+00 2.73049968144170379e-03
-1.00000000000001155e+00 2.82177316584744219e-03
-9.00000000000011569e-01 3.24793589120932506e-03
-8.00000000000011591e-01 2.73049968144170379e-03
-7.00000000000011613e-01 3.00436999271667862e-03
-6.00000000000011635e-01 2.27438136826783096e-03
-5.00000000000011657e-01 2.91306326809285393e-03
-4.00000000000011680e-01 3.18703332726279383e-03
-3.00000000000011702e-01 2.82177316584744219e-03
-2.00000000000011696e-01 1.94015824415678896e-03
-1.00000000000011691e-01 2.97393257063089875e-03
-1.16850973341797726e-14 3.43068795919606543e-03
