-1.00000000000000000e+01 8.08596659219065900e-02
-9.00000000000000000e+00 8.27027603112011067e-02
-8.00000000000000000e+00 6.89183501683501704e-02
-7.00000000000000000e+00 8.87364698317436446e-02
-6.00000000000000000e+00 9.11922663802363087e-02
-5.00000000000000000e+00 7.36630733460156423e-02
-4.00000000000000000e+00 1.84461152882205506e-02
-3.00000000000000000e+00 1.87376725838264290e-03
-2.00000000000000000e+00 1.47870662460567815e-03
-1.00000000000000000e+00 2.46694296427866578e-03
0.00000000000000000e+00 8.86699507389162602e-04
1.00000000000000000e+00 1.28129312044155340e-03
2.00000000000000000e+00 1.47870662460567815e-03
3.00000000000000000e+00 1.87376725838264290e-03
4.00000000000000000e+00 1.18261555139450073e-03
5.00000000000000000e+00 8.86699507389162602e-04
6.00000000000000000e+00 1.37999014292755043e-03
7.00000000000000000e+00 1.67619798856241372e-03
8.00000000000000000e+00 1.18261555139450073e-03
9.00000000000000000e+00 1.08395743003547487e-03
-9.50000000000000000e+00 7.30960177458540167e-02
-9.37500000000000000e+00 8.60594398118452036e-02
-9.25000000000000000e+00 7.46852850946789354e-02
-9.12500000000000000e+00 7.35496142872239245e-02
-9.00000000000000000e+00 7.42307285608544004e-02
-8.87500000000000000e+00 9.31884213924459304e-02
-8.75000000000000000e+00 7.47989843419382128e-02
-8.62500000000000000e+00 9.30707983645362585e-02
-8.50000000000000000e+00 7.51402264789924890e-02
-8.37500000000000000e+00 8.05147840884918170e-02
-8.25000000000000000e+00 7.35496142872239245e-02
-8.12500000000000000e+00 8.66402823831425861e-02
-8.00000000000000000e+00 9.00214592274678066e-02
-7.87500000000000000e+00 8.06297202425273890e-02
-7.75000000000000000e+00 6.92558678033891179e-02
-7.62500000000000000e+00 6.91433382445800909e-02
-7.50000000000000000e+00 9.14267296948861191e-02
-7.37500000000000000e+00 7.95961742826779978e-02
-7.25000000000000000e+00 9.00214592274678066e-02
-7.12500000000000000e+00 8.95538395538395537e-02
-7.00000000000000000e+00 9.04894804637183386e-02
-6.87500000000000000e+00 7.66214497668503552e-02
-6.75000000000000000e+00 9.28356282271944888e-02
-6.62500000000000000e+00 9.31884213924459304e-02
-6.50000000000000000e+00 9.21307245753601317e-02
-6.37500000000000000e+00 9.98159575619790018e-02
-6.25000000000000000e+00 8.61755586442852495e-02
-6.12500000000000000e+00 9.47198275862068950e-02
-6.00000000000000000e+00 7.71922383628459302e-02
-5.87500000000000000e+00 8.94369973190348583e-02
-5.75000000000000000e+00 8.53632478632478653e-02
-5.62500000000000000e+00 7.79923599320882788e-02
-5.50000000000000000e+00 1.04359169474942934e-01
-5.37500000000000000e+00 8.51313821832941631e-02
-5.25000000000000000e+00 8.14349584841388141e-02
-5.12500000000000000e+00 7.44579587519830777e-02
-5.00000000000000000e+00 8.59433458043826898e-02
-4.87500000000000000e+00 7.50264550264550245e-02
-4.75000000000000000e+00 8.22413976776392858e-02
-4.62500000000000000e+00 8.68727934096501508e-02
-4.50000000000000000e+00 6.36582556800334987e-02
-4.37500000000000000e+00 4.19487179487179479e-02
-4.25000000000000000e+00 3.44160472456979949e-02
-4.12500000000000000e+00 1.63065226090436180e-02
-4.00000000000000000e+00 1.40746656019165497e-02
-3.87500000000000000e+00 1.23567513702042848e-02
-3.75000000000000000e+00 1.01421895197374955e-02
-3.62500000000000000e+00 9.03853794199443832e-03
-3.50000000000000000e+00 3.85375494071146232e-03
-3.37500000000000000e+00 1.77497288235874172e-03
-3.25000000000000000e+00 1.18261555139450073e-03
-3.12500000000000000e+00 2.66482431898934068e-03
-3.00000000000000000e+00 2.07141448017360416e-03
-2.87500000000000000e+00 1.37999014292755043e-03
-2.75000000000000000e+00 1.28129312044155340e-03
-2.62500000000000000e+00 1.87376725838264290e-03
-2.50000000000000000e+00 1.28129312044155340e-03
-2.37500000000000000e+00 1.37999014292755043e-03
-2.25000000000000000e+00 1.18261555139450073e-03
-2.12500000000000000e+00 1.18261555139450073e-03
-2.00000000000000000e+00 6.89519306540583156e-04
-1.87500000000000000e+00 8.86699507389162602e-04
-1.75000000000000000e+00 1.37999014292755043e-03
-1.62500000000000000e+00 1.18261555139450073e-03
-1.50000000000000000e+00 8.86699507389162602e-04
-1.37500000000000000e+00 1.87376725838264290e-03
-1.25000000000000000e+00 2.86278381046396833e-03
-1.12500000000000000e+00 1.47870662460567815e-03
-1.00000000000000000e+00 1.87376725838264290e-03
-8.75000000000000000e-01 9.85318750615824272e-04
-7.50000000000000000e-01 1.37999014292755043e-03
-6.25000000000000000e-01 1.18261555139450073e-03
-5.00000000000000000e-01 8.86699507389162602e-04
-3.75000000000000000e-01 1.37999014292755043e-03
-2.50000000000000000e-01 2.26913970007892657e-03
-1.25000000000000000e-01 1.37999014292755043e-03
0.00000000000000000e+00 1.28129312044155340e-03
1.25000000000000000e-01 2.26913970007892657e-03
2.50000000000000000e-01 1.18261555139450073e-03
3.75000000000000000e-01 1.28129312044155340e-03
-7.42499999999999982e+00 2.53733185240034576e-01
-7.34999999999999964e+00 2.46656031414897531e-01
-7.27499999999999947e+00 2.59952871139774278e-01
-7.19999999999999929e+00 2.58080495356037165e-01
-7.12499999999999911e+00 2.43756121449559243e-01
-7.04999999999999893e+00 2.54817193675889342e-01
-6.97499999999999876e+00 2.52342209072978330e-01
-6.89999999999999858e+00 2.44822938365396398e-01
-6.82499999999999840e+00 2.54972205064854851e-01
-6.74999999999999822e+00 2.46962071928317178e-01
-6.67499999999999805e+00 2.60109154056065495e-01
-6.59999999999999787e+00 2.43908411901555044e-01
-6.52499999999999769e+00 2.52805524725613517e-01
-6.44999999999999751e+00 2.60578235513090950e-01
-6.37499999999999734e+00 2.48494531153987952e-01
-6.29999999999999716e+00 2.55903078254419603e-01
-6.22499999999999698e+00 2.51416605075141686e-01
-6.14999999999999680e+00 2.48187738051357659e-01
-6.07499999999999662e+00 2.48955003688222265e-01
-5.99999999999999645e+00 2.54662220575521792e-01
-5.92499999999999627e+00 2.51108374384236444e-01
-5.84999999999999609e+00 2.59328126936903436e-01
-5.77499999999999591e+00 2.47881095688490344e-01
-5.69999999999999574e+00 2.50030761658668610e-01
-5.62499999999999556e+00 2.46809032891507130e-01
-5.54999999999999538e+00 2.48341115753256320e-01
-5.47499999999999520e+00 2.51724987678659418e-01
-5.39999999999999503e+00 2.74495044536444632e-01
-5.32499999999999485e+00 2.45433370111560634e-01
-5.24999999999999467e+00 2.45891586951189595e-01
-5.17499999999999449e+00 2.64186162269785973e-01
-5.09999999999999432e+00 2.43908411901555044e-01
-5.02499999999999414e+00 2.57146392773171639e-01
-4.94999999999999396e+00 2.56835333415810940e-01
-4.87499999999999378e+00 2.59640421574705516e-01
-4.79999999999999361e+00 2.49108570023361620e-01
-4.72499999999999343e+00 2.43451652386780903e-01
-4.64999999999999325e+00 2.52187846665844928e-01
-4.57499999999999307e+00 2.29307841239109383e-01
-4.49999999999999289e+00 2.36941434311457449e-01
-4.42499999999999272e+00 2.21180430340185114e-01
-4.34999999999999254e+00 2.20153735287052593e-01
-4.27499999999999236e+00 1.92650857008687476e-01
-4.19999999999999218e+00 1.56139751906225116e-01
-4.12499999999999201e+00 1.32174300679817225e-01
-4.04999999999999183e+00 1.15025792997475576e-01
-3.97499999999999165e+00 9.13094854441937887e-02
-3.89999999999999147e+00 7.24163411801963530e-02
-3.82499999999999130e+00 5.88909735251198635e-02
-3.74999999999999112e+00 5.04601385585771861e-02
-3.67499999999999094e+00 4.28043522890576913e-02
-3.59999999999999076e+00 3.58927296828795775e-02
-3.52499999999999059e+00 2.35768261964735514e-02
-3.44999999999999041e+00 2.31644677208178058e-02
-3.37499999999999023e+00 2.28554168344744270e-02
-3.29999999999999005e+00 2.01847760594496897e-02
-3.22499999999998987e+00 2.03897147448774615e-02
-3.14999999999998970e+00 1.91613162118780093e-02
-3.07499999999998952e+00 1.93658438691551270e-02
-2.99999999999998934e+00 1.72223891058375898e-02
-2.92499999999998916e+00 1.85482253860036091e-02
-2.84999999999998899e+00 1.70187205926519182e-02
-2.77499999999998881e+00 1.49865121390748320e-02
-2.69999999999998863e+00 1.21550264023114474e-02
-2.62499999999998845e+00 1.51893674427900464e-02
-2.54999999999998828e+00 1.44797283802676254e-02
-2.47499999999998810e+00 1.38722554890219566e-02
-2.39999999999998792e+00 1.61032206441288246e-02
-2.32499999999998774e+00 1.43784323514727901e-02
-2.24999999999998757e+00 1.39734504441561026e-02
-2.17499999999998739e+00 1.55953214035789260e-02
-2.09999999999998721e+00 1.46823811426288458e-02
-2.02499999999998703e+00 1.30634224172317508e-02
-1.94999999999998708e+00 1.55953214035789260e-02
-1.87499999999998712e+00 1.25585567626831460e-02
-1.79999999999998717e+00 1.32655096748454018e-02
-1.72499999999998721e+00 1.31644559688840132e-02
-1.64999999999998725e+00 1.40746656019165497e-02
-1.57499999999998730e+00 1.17518175480529827e-02
