-1.00000000000000000e+01 3.61017926407380257e-02
-9.00000000000000000e+00 3.78834617555558473e-02
-8.00000000000000000e+00 3.75157463783329856e-02
-7.00000000000000000e+00 3.71006774792263724e-02
-6.00000000000000000e+00 4.12183783926149336e-02
-5.00000000000000000e+00 1.80715522735905541e-02
-4.00000000000000000e+00 3.87879865162547681e-03
-3.00000000000000000e+00 3.12735899924512003e-03
-2.00000000000000000e+00 2.31986207595963681e-03
-1.00000000000000000e+00 2.21822237996248048e-03
0.00000000000000000e+00 2.30715598656271777e-03
1.00000000000000000e+00 2.12930455392337055e-03
2.00000000000000000e+00 2.19916723177448082e-03
3.00000000000000000e+00 2.65669086643629312e-03
4.00000000000000000e+00 2.35162870888611401e-03
5.00000000000000000e+00 2.62490489475019012e-03
6.00000000000000000e+00 2.17376149463530859e-03
7.00000000000000000e+00 2.71391069458359240e-03
8.00000000000000000e+00 2.33892181409057782e-03
9.00000000000000000e+00 2.24363037140321974e-03
-9.00000000000000000e+00 3.93979229656894955e-02
-8.90000000000000036e+00 3.76519068741961727e-02
-8.80000000000000071e+00 3.81287501805338547e-02
-8.70000000000000107e+00 3.77268103815992378e-02
-8.60000000000000142e+00 3.50980546173382535e-02
-8.50000000000000178e+00 3.74000380495037171e-02
-8.40000000000000213e+00 4.13829436944352994e-02
-8.30000000000000249e+00 3.42721100893429442e-02
-8.20000000000000284e+00 4.22821136443029544e-02
-8.10000000000000320e+00 3.59049609244495652e-02
-8.00000000000000355e+00 3.97533007206354247e-02
-7.90000000000000391e+00 3.72163190345008513e-02
-7.80000000000000426e+00 4.28457434531150025e-02
-7.70000000000000462e+00 3.96029189402406154e-02
-7.60000000000000497e+00 3.99652761793274913e-02
-7.50000000000000533e+00 3.94525806536428908e-02
-7.40000000000000568e+00 3.79447729942961401e-02
-7.30000000000000604e+00 3.80537886396607530e-02
-7.20000000000000639e+00 3.58235351914322209e-02
-7.10000000000000675e+00 3.70394659181826555e-02
-7.00000000000000711e+00 3.67335164655053711e-02
-6.90000000000000746e+00 3.56607221214363806e-02
-6.80000000000000782e+00 3.50574035528675582e-02
-6.70000000000000817e+00 3.57285546800804321e-02
-6.60000000000000853e+00 3.93910911588592136e-02
-6.50000000000000888e+00 3.61017926407380257e-02
-6.40000000000000924e+00 3.66723482365281239e-02
-6.30000000000000959e+00 3.63326561373615575e-02
-6.20000000000000995e+00 3.41503609919430809e-02
-6.10000000000001030e+00 3.69374627051625923e-02
-6.00000000000001066e+00 3.65024743551928682e-02
-5.90000000000001101e+00 3.65364446775039362e-02
-5.80000000000001137e+00 3.74544858126947683e-02
-5.70000000000001172e+00 4.14378103555011132e-02
-5.60000000000001208e+00 3.44277201038784356e-02
-5.50000000000001243e+00 3.16877287525199475e-02
-5.40000000000001279e+00 3.27927739643269975e-02
-5.30000000000001315e+00 2.83332357894873731e-02
-5.20000000000001350e+00 3.09545851642262018e-02
-5.10000000000001386e+00 2.39650851825710838e-02
-5.00000000000001421e+00 2.14516868738413441e-02
-4.90000000000001457e+00 1.74689066330371463e-02
-4.80000000000001492e+00 1.64225248908914448e-02
-4.70000000000001528e+00 1.36859851665715807e-02
-4.60000000000001563e+00 8.68777587834562368e-03
-4.50000000000001599e+00 7.75569249985661249e-03
-4.40000000000001634e+00 5.96067354974967687e-03
-4.30000000000001670e+00 6.17829896349649747e-03
-4.20000000000001705e+00 5.53209889103672796e-03
-4.10000000000001741e+00 5.49373688561073312e-03
-4.00000000000001776e+00 4.04452148294888198e-03
-3.90000000000001767e+00 4.17841448855698662e-03
-3.80000000000001759e+00 3.68764796608125498e-03
-3.70000000000001750e+00 4.09552413184412906e-03
-3.60000000000001741e+00 5.55767518758743494e-03
-3.50000000000001732e+00 2.51049208180653986e-03
-3.40000000000001723e+00 6.66509641154264861e-03
-3.30000000000001714e+00 3.00646961816567306e-03
-3.20000000000001705e+00 2.96193876968547628e-03
-3.10000000000001696e+00 2.05945161556058288e-03
-3.00000000000001688e+00 2.34527522121650081e-03
-2.90000000000001679e+00 2.14200613450277579e-03
-2.80000000000001670e+00 2.11660329531051985e-03
-2.70000000000001661e+00 4.21667619229059484e-03
-2.60000000000001652e+00 2.21822237996248048e-03
-2.50000000000001643e+00 2.12295388437189073e-03
-2.40000000000001634e+00 2.49142581827172405e-03
-2.30000000000001625e+00 2.83472955919004087e-03
-2.20000000000001616e+00 2.19281567673080321e-03
-2.10000000000001608e+00 2.14835704553376214e-03
-2.00000000000001599e+00 2.24998257055755192e-03
-1.90000000000001590e+00 2.02135411716250057e-03
-1.80000000000001581e+00 2.26268721042991068e-03
-1.70000000000001572e+00 2.22457425704923866e-03
-1.60000000000001563e+00 2.44694069021477280e-03
-1.50000000000001554e+00 1.96421330089213307e-03
-1.40000000000001545e+00 2.47871537881237192e-03
-1.30000000000001537e+00 2.03405296141635989e-03
-1.20000000000001528e+00 2.23092621465059400e-03
-1.10000000000001519e+00 2.35162870888611401e-03
-1.00000000000001510e+00 2.11660329531051985e-03
