-1.00000000000000000e+01 2.01015950823236408e-02
-9.00000000000000000e+00 2.08140701540398577e-02
-8.00000000000000000e+00 2.12857872206731330e-02
-7.00000000000000000e+00 2.14411591932641456e-02
-6.00000000000000000e+00 2.05173779486485970e-02
-5.00000000000000000e+00 4.58139613805273738e-03
-4.00000000000000000e+00 6.36953351547964240e-04
-3.00000000000000000e+00 4.71412216310862660e-04
-2.00000000000000000e+00 5.01647074561476815e-04
-1.00000000000000000e+00 6.76693001302634020e-04
0.00000000000000000e+00 4.17934401016416485e-04
1.00000000000000000e+00 4.19751842710589516e-04
2.00000000000000000e+00 4.90702042335741770e-04
3.00000000000000000e+00 6.86135051460128845e-04
4.00000000000000000e+00 5.18411987022977328e-04
5.00000000000000000e+00 5.38014055617202971e-04
6.00000000000000000e+00 5.54035223209039173e-04
7.00000000000000000e+00 7.42014907754055776e-04
8.00000000000000000e+00 5.21227406473308112e-04
9.00000000000000000e+00 4.20252824098977943e-04
-8.50000000000000000e+00 2.13800949354674211e-02
-8.42500000000000071e+00 2.04607126587042221e-02
-8.35000000000000142e+00 2.05637157602223120e-02
-8.27500000000000213e+00 2.07792207792207792e-02
-8.20000000000000284e+00 2.02786104743431506e-02
-8.12500000000000355e+00 1.98882637604752728e-02
-8.05000000000000426e+00 2.03362469485786276e-02
-7.97500000000000409e+00 2.00184846518396166e-02
-7.90000000000000391e+00 2.04005055691602807e-02
-7.82500000000000373e+00 2.11704129121695200e-02
-7.75000000000000355e+00 2.08159370153882875e-02
-7.67500000000000338e+00 2.01735357917570482e-02
-7.60000000000000320e+00 2.05555664005309703e-02
-7.52500000000000302e+00 2.12736511200300529e-02
-7.45000000000000284e+00 1.98567001559323379e-02
-7.37500000000000266e+00 2.05814453965645419e-02
-7.30000000000000249e+00 2.00451502413202566e-02
-7.22500000000000231e+00 2.18306564790269782e-02
-7.15000000000000213e+00 2.01649322599646574e-02
-7.07500000000000195e+00 2.01143758627489663e-02
-7.00000000000000178e+00 1.97755106052564314e-02
-6.92500000000000160e+00 2.04017329657345398e-02
-6.85000000000000142e+00 2.13177148040781701e-02
-6.77500000000000124e+00 2.07301376808767882e-02
-6.70000000000000107e+00 2.12761742506785007e-02
-6.62500000000000089e+00 2.03041627530526174e-02
-6.55000000000000071e+00 2.09708890947434799e-02
-6.47500000000000053e+00 2.08353598039024944e-02
-6.40000000000000036e+00 2.03419173339104073e-02
-6.32500000000000018e+00 2.02449680137306923e-02
-6.25000000000000000e+00 2.06167226724649141e-02
-6.17499999999999982e+00 2.09667685479004023e-02
-6.09999999999999964e+00 1.98033297634115472e-02
-6.02499999999999947e+00 1.94148420848672745e-02
-5.94999999999999929e+00 2.03328243684647927e-02
-5.87499999999999911e+00 2.02657870291379945e-02
-5.79999999999999893e+00 2.01294835541003109e-02
-5.72499999999999876e+00 1.91905224605725400e-02
-5.64999999999999858e+00 1.99512012012011998e-02
-5.57499999999999840e+00 1.99752651500955669e-02
-5.49999999999999822e+00 1.79414887774156928e-02
-5.42499999999999805e+00 1.77223915251777664e-02
-5.34999999999999787e+00 1.56155622668324740e-02
-5.27499999999999769e+00 1.42063548227301679e-02
-5.19999999999999751e+00 1.00363088305816268e-02
-5.12499999999999734e+00 8.43608046722907172e-03
-5.04999999999999716e+00 6.86342967113442483e-03
-4.97499999999999698e+00 5.76159499873278667e-03
-4.89999999999999680e+00 2.83358219085109260e-03
-4.82499999999999662e+00 2.60982303716051234e-03
-4.74999999999999645e+00 1.94591692947728638e-03
-4.67499999999999627e+00 1.13240853303135766e-03
-4.59999999999999609e+00 1.32748567491724210e-03
-4.52499999999999591e+00 8.43412108024222795e-04
-4.44999999999999574e+00 1.00833557407905357e-03
-4.37499999999999556e+00 1.00551356605386197e-03
-4.29999999999999538e+00 1.09745390693590872e-03
-4.22499999999999520e+00 8.71196890497252406e-04
-4.14999999999999503e+00 9.12393342907831420e-04
-4.07499999999999485e+00 6.72144645527717605e-04
-3.99999999999999467e+00 6.96012358463340476e-04
-3.92499999999999449e+00 6.37434159761129980e-04
-3.84999999999999432e+00 5.40714080532603346e-04
-3.77499999999999414e+00 6.04107933950865858e-04
-3.69999999999999396e+00 5.02950643776824005e-04
-3.62499999999999378e+00 5.33511170390130033e-04
-3.54999999999999361e+00 7.36944360700767117e-04
-3.47499999999999343e+00 5.85078818475117486e-04
-3.39999999999999325e+00 6.02984774634440454e-04
-3.32499999999999307e+00 6.05021679943531349e-04
-3.24999999999999289e+00 6.81436667940897795e-04
-3.17499999999999272e+00 6.72449734382354935e-04
-3.09999999999999254e+00 5.36687631027253664e-04
-3.02499999999999236e+00 4.86047096287605795e-04
-2.94999999999999218e+00 4.51278622764499419e-04
-2.87499999999999201e+00 3.35739466174248772e-04
-2.79999999999999183e+00 5.92116393165285112e-04
-2.72499999999999165e+00 5.87455311435237265e-04
-2.64999999999999147e+00 3.87140212085507478e-04
-2.57499999999999130e+00 5.33395562815661790e-04
