-1.00000000000000000e+01 3.54378389763572235e-02
-9.00000000000000000e+00 2.87747201004499333e-02
-8.00000000000000000e+00 2.75382766368814334e-02
-7.00000000000000000e+00 3.92136137828982129e-02
-6.00000000000000000e+00 3.23393532129357397e-02
-5.00000000000000000e+00 2.76456754638097733e-02
-4.00000000000000000e+00 2.95827807813934520e-03
-3.00000000000000000e+00 6.10624872786484836e-04
-2.00000000000000000e+00 3.05219249160647050e-04
-1.00000000000000000e+00 6.10624872786484836e-04
0.00000000000000000e+00 5.08802279434211811e-04
1.00000000000000000e+00 3.56107239151447327e-04
2.00000000000000000e+00 4.57898753497837678e-04
3.00000000000000000e+00 7.63397628378034471e-04
4.00000000000000000e+00 6.10624872786484836e-04
5.00000000000000000e+00 4.07000407000406982e-04
6.00000000000000000e+00 9.16217041636974453e-04
7.00000000000000000e+00 3.05219249160647050e-04
8.00000000000000000e+00 4.07000407000406982e-04
9.00000000000000000e+00 4.57898753497837678e-04
-7.50000000000000000e+00 3.02839777847637021e-02
-7.42499999999999982e+00 3.74043787918754977e-02
-7.34999999999999964e+00 2.74309002560217362e-02
-7.27499999999999947e+00 3.06079664570230621e-02
-7.19999999999999929e+00 2.67335004177109425e-02
-7.12499999999999911e+00 2.63048016701461392e-02
-7.04999999999999893e+00 3.02839777847637021e-02
-6.97499999999999876e+00 2.54484772632457244e-02
-6.89999999999999858e+00 3.41309492505916384e-02
-6.82499999999999840e+00 2.73772204806687555e-02
-6.74999999999999822e+00 3.38590956887486888e-02
-6.67499999999999805e+00 3.25019690207403525e-02
-6.59999999999999787e+00 3.09321589598406214e-02
-6.52499999999999769e+00 3.12565554856303746e-02
-6.44999999999999751e+00 3.48384380591516690e-02
-6.37499999999999734e+00 2.90439060128735160e-02
-6.29999999999999716e+00 3.19059613769941200e-02
-6.22499999999999698e+00 3.13106414223527571e-02
-6.14999999999999680e+00 3.04459466540900267e-02
-6.07499999999999662e+00 2.97983765383608261e-02
-5.99999999999999645e+00 3.29901239756251324e-02
-5.92499999999999627e+00 3.59833517728254601e-02
-5.84999999999999609e+00 3.63655528618108959e-02
-5.77499999999999591e+00 3.82259767687433971e-02
-5.69999999999999574e+00 2.98523096260605442e-02
-5.62499999999999556e+00 3.09321589598406214e-02
-5.54999999999999538e+00 3.67480360626351032e-02
-5.47499999999999520e+00 3.27731092436974805e-02
-5.39999999999999503e+00 3.35873850197109039e-02
-5.32499999999999485e+00 3.31529448851993896e-02
-5.24999999999999467e+00 2.84518828451882852e-02
-5.17499999999999449e+00 3.04459466540900267e-02
-5.09999999999999432e+00 3.48384380591516690e-02
-5.02499999999999414e+00 3.41309492505916384e-02
-4.94999999999999396e+00 2.19311921837646827e-02
-4.87499999999999378e+00 2.10291292382782068e-02
-4.79999999999999361e+00 2.32074097200541153e-02
-4.72499999999999343e+00 1.69631774927596207e-02
-4.64999999999999325e+00 1.62799111065171330e-02
-4.57499999999999307e+00 1.04311186475515138e-02
-4.49999999999999289e+00 7.68678897202008850e-03
-4.42499999999999272e+00 6.03704082676762531e-03
-4.34999999999999254e+00 4.08496732026143814e-03
-4.27499999999999236e+00 1.78307606093025626e-03
-4.19999999999999218e+00 2.95827807813934520e-03
-4.12499999999999201e+00 1.47695441813088879e-03
-4.04999999999999183e+00 1.01812258195886781e-03
-3.97499999999999165e+00 1.06908313394084406e-03
-3.89999999999999147e+00 1.01812258195886781e-03
-3.82499999999999130e+00 1.27297723916696380e-03
-3.74999999999999112e+00 5.08802279434211811e-04
-3.67499999999999094e+00 1.17101980550888456e-03
-3.59999999999999076e+00 4.57898753497837678e-04
-3.52499999999999059e+00 7.12468193384223954e-04
-3.44999999999999041e+00 3.05219249160647050e-04
-3.37499999999999023e+00 6.10624872786484836e-04
-3.29999999999999005e+00 9.67167218121659411e-04
-3.22499999999998987e+00 8.14332247557003294e-04
-3.14999999999998970e+00 4.07000407000406982e-04
-3.07499999999998952e+00 4.07000407000406982e-04
-2.99999999999998934e+00 5.08802279434211811e-04
-2.92499999999998916e+00 6.61543941784133106e-04
-2.84999999999998899e+00 6.61543941784133106e-04
-2.77499999999998881e+00 6.61543941784133106e-04
-2.69999999999998863e+00 8.14332247557003294e-04
-2.62499999999998845e+00 5.08802279434211811e-04
-2.54999999999998828e+00 6.61543941784133106e-04
-2.47499999999998810e+00 4.07000407000406982e-04
-2.39999999999998792e+00 5.59710985600162837e-04
-2.32499999999998774e+00 6.10624872786484836e-04
-2.24999999999998757e+00 3.56107239151447327e-04
-2.17499999999998739e+00 5.08802279434211811e-04
-2.09999999999998721e+00 3.56107239151447327e-04
-2.02499999999998703e+00 6.10624872786484836e-04
-1.94999999999998708e+00 3.56107239151447327e-04
-1.87499999999998712e+00 4.07000407000406982e-04
-1.79999999999998717e+00 8.65272051712729631e-04
-1.72499999999998721e+00 5.08802279434211811e-04
-1.64999999999998725e+00 4.57898753497837678e-04
-1.57499999999998730e+00 4.57898753497837678e-04
