-1.00000000000000000e+01 1.80342393323616006e-02
-9.00000000000000000e+00 1.79760509845388813e-02
-8.00000000000000000e+00 1.80487874587364414e-02
-7.00000000000000000e+00 1.81215343280169208e-02
-6.00000000000000000e+00 1.81942915946088878e-02
-5.00000000000000000e+00 3.21072494789613038e-03
-4.00000000000000000e+00 6.32066858627712579e-04
-3.00000000000000000e+00 5.05589573619459631e-04
-2.00000000000000000e+00 5.05589573619459631e-04
-1.00000000000000000e+00 4.91538515553682992e-04
0.00000000000000000e+00 5.47745115939382858e-04
1.00000000000000000e+00 7.02345835089197932e-04
2.00000000000000000e+00 6.46121864202039509e-04
3.00000000000000000e+00 6.60177264618712540e-04
4.00000000000000000e+00 4.77487852147290954e-04
5.00000000000000000e+00 6.74233059894370165e-04
6.00000000000000000e+00 5.61797752808988814e-04
7.00000000000000000e+00 5.61797752808988814e-04
8.00000000000000000e+00 5.75850784421129544e-04
9.00000000000000000e+00 5.05589573619459631e-04
-8.50000000000000000e+00 1.78596942420345753e-02
-8.42500000000000071e+00 1.86310536625820394e-02
-8.35000000000000142e+00 1.80342393323616006e-02
-8.27500000000000213e+00 1.77869847846274728e-02
-8.20000000000000284e+00 1.83980672737409402e-02
-8.12500000000000355e+00 1.78015258450724342e-02
-8.05000000000000426e+00 1.76561339352037036e-02
-7.97500000000000409e+00 1.79615049369132515e-02
-7.90000000000000391e+00 1.87038837728078708e-02
-7.82500000000000373e+00 1.82525048954447350e-02
-7.75000000000000355e+00 1.82525048954447350e-02
-7.67500000000000338e+00 1.84271847436062383e-02
-7.60000000000000320e+00 1.75689187258963007e-02
-7.52500000000000302e+00 1.82961692395654657e-02
-7.45000000000000284e+00 1.81506359868515085e-02
-7.37500000000000266e+00 1.84271847436062383e-02
-7.30000000000000249e+00 1.88932908079348962e-02
-7.22500000000000231e+00 1.74671865404116139e-02
-7.15000000000000213e+00 1.78160673210178144e-02
-7.07500000000000195e+00 1.87767242981966911e-02
-7.00000000000000178e+00 1.78015258450724342e-02
-6.92500000000000160e+00 1.74235932590688369e-02
-6.85000000000000142e+00 1.74817184643510058e-02
-6.77500000000000124e+00 1.82670592607415451e-02
-6.70000000000000107e+00 1.79178692881433420e-02
-6.62500000000000089e+00 1.84126258005489485e-02
-6.55000000000000071e+00 1.73218901280934486e-02
-6.47500000000000053e+00 1.75543843110368379e-02
-6.40000000000000036e+00 1.83543941906341122e-02
-6.32500000000000018e+00 1.74526550315633119e-02
-6.25000000000000000e+00 1.75398503113751922e-02
-6.17499999999999982e+00 1.81651874401520669e-02
-6.09999999999999964e+00 1.76997471464693350e-02
-6.02499999999999947e+00 1.84854246786852888e-02
-5.94999999999999929e+00 1.83689514688013707e-02
-5.87499999999999911e+00 1.80051443269505576e-02
-5.79999999999999893e+00 1.83980672737409402e-02
-5.72499999999999876e+00 1.80778849589138986e-02
-5.64999999999999858e+00 1.67701420109897942e-02
-5.57499999999999840e+00 1.67411192144661554e-02
-5.49999999999999822e+00 1.56684392865798876e-02
-5.42499999999999805e+00 1.54512800045612641e-02
-5.34999999999999787e+00 1.30686423685669999e-02
-5.27499999999999769e+00 9.76598489036300046e-03
-5.19999999999999751e+00 8.23685923745364965e-03
-5.12499999999999734e+00 6.02996624913504625e-03
-5.04999999999999716e+00 4.66795470250602924e-03
-4.97499999999999698e+00 3.83271333558787061e-03
-4.89999999999999680e+00 2.13819491334683778e-03
-4.82499999999999662e+00 2.16639000647103489e-03
-4.74999999999999645e+00 1.50422448090197229e-03
-4.67499999999999627e+00 1.32122677311444074e-03
-4.59999999999999609e+00 9.27304914716048020e-04
-4.52499999999999591e+00 9.13242009132420062e-04
-4.44999999999999574e+00 8.99179498707429470e-04
-4.37499999999999556e+00 6.88289250045651850e-04
-4.29999999999999538e+00 7.72634684273372247e-04
-4.22499999999999520e+00 6.88289250045651850e-04
-4.14999999999999503e+00 6.03958031939548045e-04
-4.07499999999999485e+00 5.75850784421129544e-04
-3.99999999999999467e+00 7.16402815041649720e-04
-3.92499999999999449e+00 7.02345835089197932e-04
-3.84999999999999432e+00 7.30460189919649393e-04
-3.77499999999999414e+00 5.33692873795679908e-04
-3.69999999999999396e+00 5.05589573619459631e-04
-3.62499999999999378e+00 6.46121864202039509e-04
-3.54999999999999361e+00 5.89904210792438011e-04
-3.47499999999999343e+00 7.72634684273372247e-04
-3.39999999999999325e+00 5.47745115939382858e-04
-3.32499999999999307e+00 5.47745115939382858e-04
-3.24999999999999289e+00 6.60177264618712540e-04
-3.17499999999999272e+00 4.63437583383656082e-04
-3.09999999999999254e+00 6.32066858627712579e-04
-3.02499999999999236e+00 3.79144257368738830e-04
-2.94999999999999218e+00 4.77487852147290954e-04
-2.87499999999999201e+00 6.60177264618712540e-04
-2.79999999999999183e+00 4.63437583383656082e-04
-2.72499999999999165e+00 6.03958031939548045e-04
-2.64999999999999147e+00 7.44517959739840105e-04
-2.57499999999999130e+00 5.05589573619459631e-04
