-1.00000000000000000e+01 1.78663553178201977e-02
-9.00000000000000000e+00 1.80875044132424445e-02
-8.00000000000000000e+00 1.87100017663763482e-02
-7.00000000000000000e+00 1.81289805673624030e-02
-6.00000000000000000e+00 1.79216335840551785e-02
-5.00000000000000000e+00 3.22481366999852800e-03
-4.00000000000000000e+00 7.20768820074746386e-04
-3.00000000000000000e+00 7.07411807103482376e-04
-2.00000000000000000e+00 7.60841998478316035e-04
-1.00000000000000000e+00 6.00568538216178006e-04
0.00000000000000000e+00 4.93748081721979786e-04
1.00000000000000000e+00 5.87214733751501364e-04
2.00000000000000000e+00 6.53987320653987275e-04
3.00000000000000000e+00 5.33803080043771861e-04
4.00000000000000000e+00 5.47155458876596459e-04
5.00000000000000000e+00 4.53696290365625818e-04
6.00000000000000000e+00 5.33803080043771861e-04
7.00000000000000000e+00 4.80397128292721961e-04
8.00000000000000000e+00 8.27637761640324693e-04
9.00000000000000000e+00 6.27277216490717583e-04
-8.50000000000000000e+00 1.80736797794766660e-02
-8.42500000000000071e+00 1.86269581402931962e-02
-8.35000000000000142e+00 1.73553158287536452e-02
-8.27500000000000213e+00 1.88761296459876333e-02
-8.20000000000000284e+00 1.76867424088175823e-02
-8.12500000000000355e+00 1.76176773983386728e-02
-8.05000000000000426e+00 1.75900540188387300e-02
-7.97500000000000409e+00 1.87515286572274911e-02
-7.90000000000000391e+00 1.84055746478490601e-02
-7.82500000000000373e+00 1.86684782608695643e-02
-7.75000000000000355e+00 1.72862957937584792e-02
-7.67500000000000338e+00 1.79078134546195103e-02
-7.60000000000000320e+00 1.81289805673624030e-02
-7.52500000000000302e+00 1.80736797794766660e-02
-7.45000000000000284e+00 1.73967323454377668e-02
-7.37500000000000266e+00 1.76314896504920250e-02
-7.30000000000000249e+00 1.83225806451612905e-02
-7.22500000000000231e+00 1.73967323454377668e-02
-7.15000000000000213e+00 1.78525366893387098e-02
-7.07500000000000195e+00 1.78110830550351623e-02
-7.00000000000000178e+00 1.77696327971221084e-02
-6.92500000000000160e+00 1.77834491746307576e-02
-6.85000000000000142e+00 1.76591152796818363e-02
-6.77500000000000124e+00 1.71206859127414797e-02
-6.70000000000000107e+00 1.83225806451612905e-02
-6.62500000000000089e+00 1.79769178547182634e-02
-6.55000000000000071e+00 1.80183849987100644e-02
-6.47500000000000053e+00 1.78525366893387098e-02
-6.40000000000000036e+00 1.77420011674155331e-02
-6.32500000000000018e+00 1.74105386003718214e-02
-6.25000000000000000e+00 1.76314896504920250e-02
-6.17499999999999982e+00 1.80183849987100644e-02
-6.09999999999999964e+00 1.78110830550351623e-02
-6.02499999999999947e+00 1.80875044132424445e-02
-5.94999999999999929e+00 1.72172851231259735e-02
-5.87499999999999911e+00 1.84470767224516399e-02
-5.79999999999999893e+00 1.79354540887676009e-02
-5.72499999999999876e+00 1.82810887162492518e-02
-5.64999999999999858e+00 1.73967323454377668e-02
-5.57499999999999840e+00 1.69689242163232647e-02
-5.49999999999999822e+00 1.59629248197734296e-02
-5.42499999999999805e+00 1.38609041366347073e-02
-5.34999999999999787e+00 1.22320030242479890e-02
-5.27499999999999769e+00 9.71004538537163439e-03
-5.19999999999999751e+00 7.72859850266804666e-03
-5.12499999999999734e+00 5.40424561826983660e-03
-5.04999999999999716e+00 3.78894378171399510e-03
-4.97499999999999698e+00 3.72175216879083205e-03
-4.89999999999999680e+00 2.52724476833589631e-03
-4.82499999999999662e+00 1.41582518566009505e-03
-4.74999999999999645e+00 1.38907439561907300e-03
-4.67499999999999627e+00 1.12164507944985978e-03
-4.59999999999999609e+00 9.34529531133183790e-04
-4.52499999999999591e+00 1.02807856122408108e-03
-4.44999999999999574e+00 1.06817635591636181e-03
-4.37499999999999556e+00 9.07804448241796339e-04
-4.29999999999999538e+00 7.60841998478316035e-04
-4.22499999999999520e+00 7.47483915747884382e-04
-4.14999999999999503e+00 6.27277216490717583e-04
-4.07499999999999485e+00 7.74200437823695871e-04
-3.99999999999999467e+00 5.47155458876596459e-04
-3.92499999999999449e+00 5.33803080043771861e-04
-3.84999999999999432e+00 4.67046531178692001e-04
-3.77499999999999414e+00 7.20768820074746386e-04
-3.69999999999999396e+00 4.67046531178692001e-04
-3.62499999999999378e+00 4.80397128292721961e-04
-3.54999999999999361e+00 6.67342907479579351e-04
-3.47499999999999343e+00 5.47155458876596459e-04
-3.39999999999999325e+00 7.87559233798304785e-04
-3.32499999999999307e+00 5.33803080043771861e-04
-3.24999999999999289e+00 6.53987320653987275e-04
-3.17499999999999272e+00 5.73861285716192188e-04
-3.09999999999999254e+00 5.87214733751501364e-04
-3.02499999999999236e+00 4.00298889837745529e-04
-2.94999999999999218e+00 5.20451057583238858e-04
-2.87499999999999201e+00 6.40632090329124743e-04
-2.79999999999999183e+00 6.67342907479579351e-04
-2.72499999999999165e+00 4.53696290365625818e-04
-2.64999999999999147e+00 6.94055150690050995e-04
-2.57499999999999130e+00 5.87214733751501364e-04
