-1.00000000000000000e+01 6.92007797270955127e-02
-9.00000000000000000e+00 1.19655286708650985e-01
-8.00000000000000000e+00 6.19727449707981812e-02
-7.00000000000000000e+00 5.37203870537203837e-02
-6.00000000000000000e+00 9.18682449819866187e-02
-5.00000000000000000e+00 2.83660130718954240e-01
-4.00000000000000000e+00 1.40299951620706329e-02
-3.00000000000000000e+00 4.52693526482571295e-04
-2.00000000000000000e+00 5.45851528384279448e-04
-1.00000000000000000e+00 9.03138405960713449e-04
0.00000000000000000e+00 2.30096640589047411e-04
1.00000000000000000e+00 9.02730760550665766e-04
2.00000000000000000e+00 9.02527075812274400e-04
3.00000000000000000e+00 2.25988700564971748e-04
4.00000000000000000e+00 9.02934537246049608e-04
5.00000000000000000e+00 6.85557586837294303e-04
6.00000000000000000e+00 4.49438202247191029e-04
7.00000000000000000e+00 1.35074290859972979e-03
8.00000000000000000e+00 2.25631768953068600e-04
9.00000000000000000e+00 8.86565128438281461e-03
-7.50000000000000000e+00 6.21273925321619083e-02
-7.42499999999999982e+00 5.24374176548089571e-02
-7.34999999999999964e+00 7.58260869565217377e-02
-7.27499999999999947e+00 4.98074454428754781e-02
-7.19999999999999929e+00 5.08793969849246214e-02
-7.12499999999999911e+00 8.87314439946018940e-02
-7.04999999999999893e+00 4.20609884332281830e-02
-6.97499999999999876e+00 5.57455540355677182e-02
-6.89999999999999858e+00 2.88773523685918243e-01
-6.82499999999999840e+00 7.69230769230769273e-02
-6.74999999999999822e+00 2.77971473851030104e-01
-6.67499999999999805e+00 1.04860186418109194e-01
-6.59999999999999787e+00 7.46606334841628944e-02
-6.52499999999999769e+00 5.81732034745985754e-02
-6.44999999999999751e+00 6.49888499522140867e-02
-6.37499999999999734e+00 1.22489959839357426e-01
-6.29999999999999716e+00 5.62613430127041764e-02
-6.22499999999999698e+00 5.55918901242642219e-02
-6.14999999999999680e+00 8.30721003134796271e-02
-6.07499999999999662e+00 6.78779568049365789e-02
-5.99999999999999645e+00 1.23668842322226039e-01
-5.92499999999999627e+00 7.56865371734762177e-02
-5.84999999999999609e+00 7.18305196954650838e-02
-5.77499999999999591e+00 5.36632390745501314e-02
-5.69999999999999574e+00 5.03970678069639577e-02
-5.62499999999999556e+00 6.46510131875201038e-02
-5.54999999999999538e+00 5.94111461619348039e-02
-5.47499999999999520e+00 4.74333983105912904e-02
-5.39999999999999503e+00 6.68109277792804934e-02
-5.32499999999999485e+00 2.97119055883373839e-01
-5.24999999999999467e+00 5.64253098499673811e-02
-5.17499999999999449e+00 7.89039286893364195e-02
-5.09999999999999432e+00 1.41255605381165911e-01
-5.02499999999999414e+00 6.83487703609070574e-02
-4.94999999999999396e+00 5.65217391304347824e-02
-4.87499999999999378e+00 7.36421192935688140e-02
-4.79999999999999361e+00 6.27626050420168058e-02
-4.72499999999999343e+00 6.71542553191489394e-02
-4.64999999999999325e+00 9.68780173801094269e-02
-4.57499999999999307e+00 9.04775202457414190e-02
-4.49999999999999289e+00 5.19523494374586337e-02
-4.42499999999999272e+00 5.54216867469879484e-02
-4.34999999999999254e+00 9.94715573515697893e-02
-4.27499999999999236e+00 6.28066732090284546e-02
-4.19999999999999218e+00 4.82305042279987453e-02
-4.12499999999999201e+00 2.34143449911084767e-02
-4.04999999999999183e+00 1.62464985994397772e-02
-3.97499999999999165e+00 3.28870096311956808e-02
-3.89999999999999147e+00 7.04225352112676072e-03
-3.82499999999999130e+00 2.41019698725376610e-02
-3.74999999999999112e+00 1.80053747387279778e-01
-3.67499999999999094e+00 1.70389131936449466e-02
-3.59999999999999076e+00 7.05989524026417667e-03
-3.52499999999999059e+00 6.11690077027639365e-03
-3.44999999999999041e+00 5.42986425339366495e-03
-3.37499999999999023e+00 3.24084868267661488e-02
-3.29999999999999005e+00 7.24309642372114072e-03
-3.22499999999998987e+00 1.11490329920364058e-02
-3.14999999999998970e+00 1.13173381620642818e-03
-3.07499999999998952e+00 8.62656072644721848e-03
-2.99999999999998934e+00 2.25275963054742060e-04
-2.92499999999998916e+00 2.20994475138121538e-02
-2.84999999999998899e+00 2.74800769442154437e-03
-2.77499999999998881e+00 9.79052823315118385e-03
-2.69999999999998863e+00 9.02527075812274400e-04
-2.62499999999998845e+00 1.35685210312075973e-03
-2.54999999999998828e+00 9.03954802259886994e-04
-2.47499999999998810e+00 1.35623869801084992e-03
-2.39999999999998792e+00 1.14810562571756604e-03
-2.32499999999998774e+00 1.58192090395480219e-03
-2.24999999999998757e+00 6.76742612226483194e-04
-2.17499999999998739e+00 4.49640287769784196e-04
-2.09999999999998721e+00 4.54338936846887759e-04
-2.02499999999998703e+00 4.51059990978800178e-04
-1.94999999999998708e+00 9.10125142207053443e-04
-1.87499999999998712e+00 2.25123818099954974e-04
-1.79999999999998717e+00 0.00000000000000000e+00
-1.72499999999998721e+00 1.34922419608724973e-03
-1.64999999999998725e+00 2.49829661594367465e-03
-1.57499999999998730e+00 1.14364135407136330e-03
