-1.00000000000000000e+01 2.81522601110229982e-02
-9.00000000000000000e+00 2.88151564747309435e-02
-8.00000000000000000e+00 3.71481425928703590e-02
-7.00000000000000000e+00 2.78465959766128236e-02
-6.00000000000000000e+00 2.89172164079162727e-02
-5.00000000000000000e+00 3.51297405189620743e-02
-4.00000000000000000e+00 2.65841751655469111e-03
-3.00000000000000000e+00 6.27080218030968083e-04
-2.00000000000000000e+00 7.23623908533937922e-04
-1.00000000000000000e+00 7.23623908533937922e-04
0.00000000000000000e+00 3.85802469135802448e-04
1.00000000000000000e+00 5.30555153619833154e-04
2.00000000000000000e+00 3.37560881516130585e-04
3.00000000000000000e+00 2.89323946378628588e-04
4.00000000000000000e+00 1.44641049129743012e-04
5.00000000000000000e+00 7.23623908533937922e-04
6.00000000000000000e+00 8.20186230520577003e-04
7.00000000000000000e+00 5.78815357900829626e-04
8.00000000000000000e+00 2.89323946378628588e-04
9.00000000000000000e+00 6.27080218030968083e-04
-7.50000000000000000e+00 4.06862991019916742e-02
-7.42499999999999982e+00 3.21425017414668154e-02
-7.34999999999999964e+00 2.68798574328003581e-02
-7.27499999999999947e+00 3.58533905922301041e-02
-7.19999999999999929e+00 3.71999999999999970e-02
-7.12499999999999911e+00 2.64225630875804043e-02
-7.04999999999999893e+00 2.59656758494485398e-02
-6.97499999999999876e+00 2.77956696229500061e-02
-6.89999999999999858e+00 3.99558830901889997e-02
-6.82499999999999840e+00 3.09626758113413850e-02
-6.74999999999999822e+00 2.82032218091697630e-02
-6.67499999999999805e+00 3.09114402146903888e-02
-6.59999999999999787e+00 3.10139165009940369e-02
-6.52499999999999769e+00 3.07577639751552799e-02
-6.44999999999999751e+00 3.18857881908172908e-02
-6.37499999999999734e+00 3.20398009950248752e-02
-6.29999999999999716e+00 3.09114402146903888e-02
-6.22499999999999698e+00 3.02970100327803714e-02
-6.14999999999999680e+00 3.16805092753767378e-02
-6.07499999999999662e+00 2.92745856901855707e-02
-5.99999999999999645e+00 3.26049081586938100e-02
-5.92499999999999627e+00 2.94789081885856070e-02
-5.84999999999999609e+00 3.38915470494417850e-02
-5.77499999999999591e+00 3.08602097102817670e-02
-5.69999999999999574e+00 3.36339628282425612e-02
-5.62499999999999556e+00 2.75920146629018669e-02
-5.54999999999999538e+00 3.31191792419941247e-02
-5.47499999999999520e+00 3.23479645665372753e-02
-5.39999999999999503e+00 3.42008176288762580e-02
-5.32499999999999485e+00 4.14700271111557370e-02
-5.24999999999999467e+00 3.25535092085614750e-02
-5.17499999999999449e+00 3.63191287405705138e-02
-5.09999999999999432e+00 3.11164131623421804e-02
-5.02499999999999414e+00 2.76938320535050769e-02
-4.94999999999999396e+00 3.13727439964202257e-02
-4.87499999999999378e+00 2.41927520489779793e-02
-4.79999999999999361e+00 2.41927520489779793e-02
-4.72499999999999343e+00 1.26928334309705133e-02
-4.64999999999999325e+00 5.96479317200911650e-03
-4.57499999999999307e+00 1.11132774419964910e-02
-4.49999999999999289e+00 6.50169820475497359e-03
-4.42499999999999272e+00 5.28228737581778497e-03
-4.34999999999999254e+00 8.65506175240688541e-03
-4.27499999999999236e+00 2.27086051118519571e-03
-4.19999999999999218e+00 2.41615927321929070e-03
-4.12499999999999201e+00 1.01336679052260780e-03
-4.04999999999999183e+00 3.53151758502249537e-03
-3.97499999999999165e+00 2.36772167190142527e-03
-3.89999999999999147e+00 1.25494738874408723e-03
-3.82499999999999130e+00 8.68474380005789795e-04
-3.74999999999999112e+00 2.70688321732405262e-03
-3.67499999999999094e+00 1.59335618753319490e-03
-3.59999999999999076e+00 3.85802469135802448e-04
-3.52499999999999059e+00 5.30555153619833154e-04
-3.44999999999999041e+00 5.78815357900829626e-04
-3.37499999999999023e+00 4.34048709910778900e-04
-3.29999999999999005e+00 8.68474380005789795e-04
-3.22499999999998987e+00 6.27080218030968083e-04
-3.14999999999998970e+00 5.78815357900829626e-04
-3.07499999999998952e+00 3.85802469135802448e-04
-2.99999999999998934e+00 6.27080218030968083e-04
-2.92499999999998916e+00 9.16767189384801000e-04
-2.84999999999998899e+00 7.71902740254727941e-04
-2.77499999999998881e+00 3.85802469135802448e-04
-2.69999999999998863e+00 4.82299604514324284e-04
-2.62499999999998845e+00 7.23623908533937922e-04
-2.54999999999998828e+00 3.85802469135802448e-04
-2.47499999999998810e+00 1.01336679052260780e-03
-2.39999999999998792e+00 4.34048709910778900e-04
-2.32499999999998774e+00 2.41091663050291727e-04
-2.24999999999998757e+00 3.85802469135802448e-04
-2.17499999999998739e+00 2.89323946378628588e-04
-2.09999999999998721e+00 2.89323946378628588e-04
-2.02499999999998703e+00 7.23623908533937922e-04
-1.94999999999998708e+00 4.82299604514324284e-04
-1.87499999999998712e+00 8.20186230520577003e-04
-1.79999999999998717e+00 4.34048709910778900e-04
-1.72499999999998721e+00 5.78815357900829626e-04
-1.64999999999998725e+00 2.89323946378628588e-04
-1.57499999999998730e+00 3.85802469135802448e-04
