-1.00000000000000000e+01 4.42395533750634395e-02
-9.00000000000000000e+00 4.51236031154757869e-02
-8.00000000000000000e+00 4.44162436548223363e-02
-7.00000000000000000e+00 4.66299279355659180e-02
-6.00000000000000000e+00 4.74291532326489088e-02
-5.00000000000000000e+00 4.60091509913573976e-02
-4.00000000000000000e+00 1.29775326466055651e-03
-3.00000000000000000e+00 5.67352893499756847e-04
-2.00000000000000000e+00 2.43072435585804561e-04
-1.00000000000000000e+00 4.05186385737439203e-04
0.00000000000000000e+00 4.86263068319961087e-04
1.00000000000000000e+00 1.37897469175859836e-03
2.00000000000000000e+00 8.91843684125182413e-04
3.00000000000000000e+00 5.67352893499756847e-04
4.00000000000000000e+00 4.86263068319961087e-04
5.00000000000000000e+00 5.67352893499756847e-04
6.00000000000000000e+00 4.05186385737439203e-04
7.00000000000000000e+00 4.05186385737439203e-04
8.00000000000000000e+00 8.91843684125182413e-04
9.00000000000000000e+00 7.29571984435797675e-04
-7.50000000000000000e+00 4.49466734382935468e-02
-7.42499999999999982e+00 4.54776422764227653e-02
-7.34999999999999964e+00 4.41512306521187545e-02
-7.27499999999999947e+00 4.52120904241808466e-02
-7.19999999999999929e+00 4.58319213825821789e-02
-7.12499999999999911e+00 3.91414141414141437e-02
-7.04999999999999893e+00 4.57433290978398951e-02
-6.97499999999999876e+00 4.88530161427357668e-02
-6.89999999999999858e+00 4.73402901501654358e-02
-6.82499999999999840e+00 4.95664002720625774e-02
-6.74999999999999822e+00 4.51236031154757869e-02
-6.67499999999999805e+00 5.17123871187595840e-02
-6.59999999999999787e+00 4.38863521055301853e-02
-6.52499999999999769e+00 5.07277215082134678e-02
-6.44999999999999751e+00 4.30925221799746544e-02
-6.37499999999999734e+00 4.63637904729615191e-02
-6.29999999999999716e+00 4.60091509913573976e-02
-6.22499999999999698e+00 4.05428186109238059e-02
-6.14999999999999680e+00 4.14206175130757553e-02
-6.07499999999999662e+00 4.47698036560595786e-02
-5.99999999999999645e+00 4.63637904729615191e-02
-5.92499999999999627e+00 4.32688244739288450e-02
-5.84999999999999609e+00 4.17721518987341778e-02
-5.77499999999999591e+00 4.39746300211416516e-02
-5.69999999999999574e+00 5.12645831559226800e-02
-5.62499999999999556e+00 4.18600725799645537e-02
-5.54999999999999538e+00 4.77847564080801229e-02
-5.47499999999999520e+00 4.49466734382935468e-02
-5.39999999999999503e+00 4.57433290978398951e-02
-5.32499999999999485e+00 4.60091509913573976e-02
-5.24999999999999467e+00 4.33569979716024317e-02
-5.17499999999999449e+00 4.56547518211079112e-02
-5.09999999999999432e+00 4.04551201011378037e-02
-5.02499999999999414e+00 4.65412004069176016e-02
-4.94999999999999396e+00 3.88790709416813943e-02
-4.87499999999999378e+00 4.31806658779787036e-02
-4.79999999999999361e+00 4.14206175130757553e-02
-4.72499999999999343e+00 2.98656878284808552e-02
-4.64999999999999325e+00 2.60139627659574484e-02
-4.57499999999999307e+00 1.93212781768640068e-02
-4.49999999999999289e+00 1.42129477489319755e-02
-4.42499999999999272e+00 1.23001230012300122e-02
-4.34999999999999254e+00 7.42614656438713924e-03
-4.27499999999999236e+00 4.47518307567127717e-03
-4.19999999999999218e+00 4.14836505612493911e-03
-4.12499999999999201e+00 1.46020929666585537e-03
-4.04999999999999183e+00 2.84321689683184400e-03
-3.97499999999999165e+00 9.72999270250547309e-04
-3.89999999999999147e+00 1.78527955854905452e-03
-3.82499999999999130e+00 1.46020929666585537e-03
-3.74999999999999112e+00 1.21654501216545015e-03
-3.67499999999999094e+00 4.05186385737439203e-04
-3.59999999999999076e+00 6.48455864472724346e-04
-3.52499999999999059e+00 4.86263068319961087e-04
-3.44999999999999041e+00 6.48455864472724346e-04
-3.37499999999999023e+00 9.72999270250547309e-04
-3.29999999999999005e+00 9.72999270250547309e-04
-3.22499999999998987e+00 1.05416801816412588e-03
-3.14999999999998970e+00 9.72999270250547309e-04
-3.07499999999998952e+00 7.29571984435797675e-04
-2.99999999999998934e+00 7.29571984435797675e-04
-2.92499999999998916e+00 5.67352893499756847e-04
-2.84999999999998899e+00 8.91843684125182413e-04
-2.77499999999998881e+00 1.05416801816412588e-03
-2.69999999999998863e+00 3.24122842557329229e-04
-2.62499999999998845e+00 6.48455864472724346e-04
-2.54999999999998828e+00 5.67352893499756847e-04
-2.47499999999998810e+00 4.05186385737439203e-04
-2.39999999999998792e+00 5.67352893499756847e-04
-2.32499999999998774e+00 7.29571984435797675e-04
-2.24999999999998757e+00 7.29571984435797675e-04
-2.17499999999998739e+00 5.67352893499756847e-04
-2.09999999999998721e+00 4.05186385737439203e-04
-2.02499999999998703e+00 6.48455864472724346e-04
-1.94999999999998708e+00 5.67352893499756847e-04
-1.87499999999998712e+00 5.67352893499756847e-04
-1.79999999999998717e+00 5.67352893499756847e-04
-1.72499999999998721e+00 4.05186385737439203e-04
-1.64999999999998725e+00 4.86263068319961087e-04
-1.57499999999998730e+00 7.29571984435797675e-04
