-1.00000000000000000e+01 1.56517111783683105e-01
-9.00000000000000000e+00 1.54252141007767379e-01
-8.00000000000000000e+00 1.54903849347371225e-01
-7.00000000000000000e+00 1.65275962601789478e-01
-6.00000000000000000e+00 1.52606980675527859e-01
-5.00000000000000000e+00 1.51576367730825279e-01
-4.00000000000000000e+00 9.02335789308669062e-02
-3.00000000000000000e+00 3.26024235429890358e-03
-2.00000000000000000e+00 2.36372546193537245e-03
-1.00000000000000000e+00 2.82624369142033156e-03
0.00000000000000000e+00 3.11553440069234095e-03
1.00000000000000000e+00 2.39262035168636474e-03
2.00000000000000000e+00 2.91301338255652974e-03
3.00000000000000000e+00 2.45041512915129172e-03
4.00000000000000000e+00 2.68166089965397913e-03
5.00000000000000000e+00 3.54978354978354978e-03
6.00000000000000000e+00 3.52082190990159020e-03
7.00000000000000000e+00 4.56449516105734542e-03
8.00000000000000000e+00 3.28918895524971848e-03
9.00000000000000000e+00 2.47931501715340039e-03
-8.00000000000000000e+00 1.58443548655761740e-01
-7.90000000000000036e+00 1.53295081423501706e-01
-7.80000000000000071e+00 1.66879194630872474e-01
-7.70000000000000107e+00 1.52606980675527859e-01
-7.60000000000000142e+00 1.58829606425167469e-01
-7.50000000000000178e+00 1.62082678875781178e-01
-7.40000000000000213e+00 1.65236914415923863e-01
-7.30000000000000249e+00 1.55057299451918290e-01
-7.20000000000000284e+00 1.59138637954598483e-01
-7.10000000000000320e+00 1.57402476367993621e-01
-7.00000000000000355e+00 1.60763761391327559e-01
-6.90000000000000391e+00 1.59718516542155825e-01
-6.80000000000000426e+00 1.63132191597538140e-01
-6.70000000000000462e+00 1.59757195744255065e-01
-6.60000000000000497e+00 1.59022731817878821e-01
-6.50000000000000533e+00 1.62626634123507974e-01
-6.40000000000000568e+00 1.72901136708604575e-01
-6.30000000000000604e+00 1.63443522483940035e-01
-6.20000000000000639e+00 1.53754271873652065e-01
-6.10000000000000675e+00 1.49824747040539635e-01
-6.00000000000000711e+00 1.44300381729630112e-01
-5.90000000000000746e+00 1.67741285512794686e-01
-5.80000000000000782e+00 1.61849710982658962e-01
-5.70000000000000817e+00 1.61073825503355694e-01
-5.60000000000000853e+00 1.60531321963755302e-01
-5.50000000000000888e+00 1.58520739630184898e-01
-5.40000000000000924e+00 1.58366367966954275e-01
-5.30000000000000959e+00 1.55556294031636316e-01
-5.20000000000000995e+00 1.61733262060670846e-01
-5.10000000000001030e+00 1.64378515938923109e-01
-5.00000000000001066e+00 1.45318006653272297e-01
-4.90000000000001101e+00 1.65158825894652195e-01
-4.80000000000001137e+00 1.49368678521848347e-01
-4.70000000000001172e+00 1.49444664815549383e-01
-4.60000000000001208e+00 1.32302181699772065e-01
-4.50000000000001243e+00 1.42458192331701539e-01
-4.40000000000001279e+00 1.27675444285899609e-01
-4.30000000000001315e+00 1.07208813602496345e-01
-4.20000000000001350e+00 1.04676281847639621e-01
-4.10000000000001386e+00 9.74940032824138381e-02
-4.00000000000001421e+00 9.06781255881061454e-02
-3.90000000000001412e+00 8.87998246547891112e-02
-3.80000000000001403e+00 6.82621117630794749e-02
-3.70000000000001394e+00 4.43596828447861621e-02
-3.60000000000001386e+00 7.15402884782482748e-03
-3.50000000000001377e+00 3.60771184483952905e-03
-3.40000000000001368e+00 4.15836437667850643e-03
-3.30000000000001359e+00 3.14447265174244185e-03
-3.20000000000001350e+00 3.11553440069234095e-03
-3.10000000000001341e+00 2.88408848383468405e-03
-3.00000000000001332e+00 3.05766290708743170e-03
-2.90000000000001323e+00 2.82624369142033156e-03
-2.80000000000001315e+00 3.26024235429890358e-03
-2.70000000000001306e+00 2.99979809051313835e-03
-2.60000000000001297e+00 3.40499206463713757e-03
-2.50000000000001288e+00 2.94193994981396551e-03
-2.40000000000001279e+00 2.30594067967601537e-03
-2.30000000000001270e+00 2.73948901320722081e-03
-2.20000000000001261e+00 2.39262035168636474e-03
-2.10000000000001252e+00 3.17341257248362823e-03
-2.00000000000001243e+00 3.31813722661434586e-03
-1.90000000000001235e+00 2.39262035168636474e-03
-1.80000000000001226e+00 3.02872966424368303e-03
-1.70000000000001217e+00 2.47931501715340039e-03
-1.60000000000001208e+00 2.91301338255652974e-03
-1.50000000000001199e+00 2.76840557141621235e-03
-1.40000000000001190e+00 2.50821657152741758e-03
-1.30000000000001181e+00 3.63667850030305675e-03
-1.20000000000001172e+00 2.94193994981396551e-03
-1.10000000000001164e+00 2.94193994981396551e-03
-1.00000000000001155e+00 2.73948901320722081e-03
-9.00000000000011569e-01 4.18736282776943549e-03
-8.00000000000011591e-01 2.99979809051313835e-03
-7.00000000000011613e-01 2.71057412266789699e-03
-6.00000000000011635e-01 2.50821657152741758e-03
-5.00000000000011657e-01 3.23129742361732194e-03
-4.00000000000011680e-01 2.53711979241747149e-03
-3.00000000000011702e-01 2.24816255944660596e-03
-2.00000000000011696e-01 2.71057412266789699e-03
-1.00000000000011691e-01 2.91301338255652974e-03
-1.16850973341797726e-14 3.08659781918883044e-03
