-1.00000000000000000e+01 3.25924774634752890e-01
-9.00000000000000000e+00 3.45902027293523706e-01
-8.00000000000000000e+00 3.44947185874192042e-01
-7.00000000000000000e+00 3.24586600419222104e-01
-6.00000000000000000e+00 3.22328140742463021e-01
-5.00000000000000000e+00 3.38091130107442572e-01
-4.00000000000000000e+00 2.54374356712248173e-01
-3.00000000000000000e+00 8.75014780655078601e-03
-2.00000000000000000e+00 9.94435894400378870e-03
-1.00000000000000000e+00 7.49926188367286677e-03
0.00000000000000000e+00 9.28719313812481455e-03
1.00000000000000000e+00 7.79681039574719407e-03
2.00000000000000000e+00 7.02354954848610075e-03
3.00000000000000000e+00 8.57125967961222361e-03
4.00000000000000000e+00 7.97542387900986548e-03
5.00000000000000000e+00 8.15410068541715972e-03
6.00000000000000000e+00 8.21367369851681156e-03
7.00000000000000000e+00 7.61826020197247950e-03
8.00000000000000000e+00 9.04843574427819514e-03
9.00000000000000000e+00 9.46633534492959464e-03
-8.00000000000000000e+00 3.22123208058891886e-01
-7.90000000000000036e+00 3.28195547252062902e-01
-7.80000000000000071e+00 3.28092161594146503e-01
-7.70000000000000107e+00 3.39456743601821320e-01
-7.60000000000000142e+00 3.34950316876613696e-01
-7.50000000000000178e+00 3.37042551524175227e-01
-7.40000000000000213e+00 3.29333852746396594e-01
-7.30000000000000249e+00 3.13067569647529631e-01
-7.20000000000000284e+00 3.39877493324956814e-01
-7.10000000000000320e+00 3.58547655068078674e-01
-7.00000000000000355e+00 3.11251152782047347e-01
-6.90000000000000391e+00 3.16817164467083412e-01
-6.80000000000000426e+00 3.26955980712396954e-01
-6.70000000000000462e+00 3.72646822204344308e-01
-6.60000000000000497e+00 3.35472761427676902e-01
-6.50000000000000533e+00 3.43676169475507942e-01
-6.40000000000000568e+00 3.19873133751063687e-01
-6.30000000000000604e+00 3.36414192840918003e-01
-6.20000000000000639e+00 3.17223809156180037e-01
-6.10000000000000675e+00 3.27368912400809065e-01
-6.00000000000000711e+00 3.58872252309652751e-01
-5.90000000000000746e+00 3.07032327256013482e-01
-5.80000000000000782e+00 3.41774142812205084e-01
-5.70000000000000817e+00 3.29437431821723525e-01
-5.60000000000000853e+00 3.07332771435139096e-01
-5.50000000000000888e+00 3.40614441738037232e-01
-5.40000000000000924e+00 3.33593872127559810e-01
-5.30000000000000959e+00 3.43358790646405787e-01
-5.20000000000000995e+00 3.48241801659423145e-01
-5.10000000000001030e+00 3.20077369439071557e-01
-5.00000000000001066e+00 3.02045177045177027e-01
-4.90000000000001101e+00 3.38301043219076003e-01
-4.80000000000001137e+00 3.28609250895499139e-01
-4.70000000000001172e+00 3.42935852026761134e-01
-4.60000000000001208e+00 3.27162414436838855e-01
-4.50000000000001243e+00 3.28712717078109173e-01
-4.40000000000001279e+00 3.10445468509984612e-01
-4.30000000000001315e+00 3.29748265918478667e-01
-4.20000000000001350e+00 3.00556444850979487e-01
-4.10000000000001386e+00 3.01747158007171723e-01
-4.00000000000001421e+00 2.67796106405112200e-01
-3.90000000000001412e+00 2.32714399248609205e-01
-3.80000000000001403e+00 1.71599258394561555e-01
-3.70000000000001394e+00 1.20215350272470614e-01
-3.60000000000001386e+00 1.14289446185997914e-01
-3.50000000000001377e+00 9.67410169055730601e-02
-3.40000000000001368e+00 7.97367421845336100e-02
-3.30000000000001359e+00 1.25816023738872396e-02
-3.20000000000001350e+00 1.01237345331833522e-02
-3.10000000000001341e+00 1.01835405565423327e-02
-3.00000000000001332e+00 9.34690014197822952e-03
-2.90000000000001323e+00 8.75014780655078601e-03
-2.80000000000001315e+00 7.02354954848610075e-03
-2.70000000000001306e+00 1.02433536621469590e-02
-2.60000000000001297e+00 1.00041437281714312e-02
-2.50000000000001288e+00 1.01835405565423327e-02
-2.40000000000001279e+00 8.09453471196455027e-03
-2.30000000000001270e+00 8.03497577691126078e-03
-2.20000000000001261e+00 8.57125967961222361e-03
-2.10000000000001252e+00 9.76504704977214887e-03
-2.00000000000001243e+00 9.04843574427819514e-03
-1.90000000000001235e+00 9.76504704977214887e-03
-1.80000000000001226e+00 8.69051138043156965e-03
-1.70000000000001217e+00 7.20188902007083860e-03
-1.60000000000001208e+00 8.27325375251152309e-03
-1.50000000000001199e+00 7.55875752923113303e-03
-1.40000000000001190e+00 8.33284084864960653e-03
-1.30000000000001181e+00 8.57125967961222361e-03
-1.20000000000001172e+00 8.39243498817966900e-03
-1.10000000000001164e+00 1.07221136188614414e-02
-1.00000000000001155e+00 9.40661421049517922e-03
-9.00000000000011569e-01 7.49926188367286677e-03
-8.00000000000011591e-01 9.40661421049517922e-03
-7.00000000000011613e-01 8.21367369851681156e-03
-6.00000000000011635e-01 8.63088200520217494e-03
-5.00000000000011657e-01 8.92909940275560254e-03
-4.00000000000011680e-01 8.92909940275560254e-03
-3.00000000000011702e-01 8.03497577691126078e-03
-2.00000000000011696e-01 8.51164440241163230e-03
-1.00000000000011691e-01 9.22749319768129649e-03
-1.16850973341797726e-14 7.20188902007083860e-03
