-1.00000000000000000e+01 8.50632911392405072e-02
-9.00000000000000000e+00 8.41849640797328741e-02
-8.00000000000000000e+00 9.26983479502345442e-02
-7.00000000000000000e+00 8.75964271213966750e-02
-6.00000000000000000e+00 8.38559579202913241e-02
-5.00000000000000000e+00 9.26983479502345442e-02
-4.00000000000000000e+00 1.19947109935776355e-02
-3.00000000000000000e+00 2.62000561429774495e-03
-2.00000000000000000e+00 1.12118097729608525e-03
-1.00000000000000000e+00 1.02765321375186854e-03
0.00000000000000000e+00 1.49546686606224881e-03
1.00000000000000000e+00 2.24487887007763544e-03
2.00000000000000000e+00 1.49546686606224881e-03
3.00000000000000000e+00 2.15114104002992910e-03
4.00000000000000000e+00 1.40186915887850457e-03
5.00000000000000000e+00 1.96371797269496908e-03
6.00000000000000000e+00 1.49546686606224881e-03
7.00000000000000000e+00 1.49546686606224881e-03
8.00000000000000000e+00 1.40186915887850457e-03
9.00000000000000000e+00 1.87003272557269761e-03
-7.50000000000000000e+00 8.72653475393201372e-02
-7.42499999999999982e+00 7.98145722059860896e-02
-7.34999999999999964e+00 9.16963830871115604e-02
-7.27499999999999947e+00 7.35397254784089793e-02
-7.19999999999999929e+00 8.47337517716136857e-02
-7.12499999999999911e+00 8.79277083967915513e-02
-7.04999999999999893e+00 7.53713368125250860e-02
-6.97499999999999876e+00 6.89345570630486848e-02
-6.89999999999999858e+00 8.53930307941653116e-02
-6.82499999999999840e+00 9.03632848275160300e-02
-6.74999999999999822e+00 7.89447185580505473e-02
-6.67499999999999805e+00 7.75341914722445652e-02
-6.59999999999999787e+00 7.52634219769192231e-02
-6.52499999999999769e+00 8.35271513803215737e-02
-6.44999999999999751e+00 9.60515548281505732e-02
-6.37499999999999734e+00 7.08574855086947786e-02
-6.29999999999999716e+00 7.55872314796225686e-02
-6.22499999999999698e+00 9.41488818543857880e-02
-6.14999999999999680e+00 8.18861066235864327e-02
-6.07499999999999662e+00 7.20360180090044988e-02
-5.99999999999999645e+00 7.33246519082440124e-02
-5.92499999999999627e+00 9.47078054760931709e-02
-5.84999999999999609e+00 6.92545654126334731e-02
-5.77499999999999591e+00 8.39656044511886690e-02
-5.69999999999999574e+00 7.53713368125250860e-02
-5.62499999999999556e+00 8.02500252041536410e-02
-5.54999999999999538e+00 7.79678068410462749e-02
-5.47499999999999520e+00 7.42931622217766208e-02
-5.39999999999999503e+00 7.28947631921497974e-02
-5.32499999999999485e+00 8.90334383575566574e-02
-5.24999999999999467e+00 8.68242215234810849e-02
-5.17499999999999449e+00 9.67246673490276404e-02
-5.09999999999999432e+00 8.82591915498679713e-02
-5.02499999999999414e+00 7.01088584839708318e-02
-4.94999999999999396e+00 8.56129685916919986e-02
-4.87499999999999378e+00 7.31096644967451220e-02
-4.79999999999999361e+00 8.29795835860117209e-02
-4.72499999999999343e+00 7.73175145787251134e-02
-4.64999999999999325e+00 7.78593702846796104e-02
-4.57499999999999307e+00 6.28905862513639557e-02
-4.49999999999999289e+00 5.40035412158174286e-02
-4.42499999999999272e+00 4.98726239466980234e-02
-4.34999999999999254e+00 4.42452002728778854e-02
-4.27499999999999236e+00 2.34979463176998755e-02
-4.19999999999999218e+00 3.41665862368497261e-02
-4.12499999999999201e+00 2.13516347345343617e-02
-4.04999999999999183e+00 1.83425204333776855e-02
-3.97499999999999165e+00 1.57360887287894581e-02
-3.89999999999999147e+00 1.02772015840090509e-02
-3.82499999999999130e+00 6.67042465238632063e-03
-3.74999999999999112e+00 1.33345942878759227e-02
-3.67499999999999094e+00 8.47058823529411691e-03
-3.59999999999999076e+00 8.37568228872576613e-03
-3.52499999999999059e+00 6.57585720995772661e-03
-3.44999999999999041e+00 2.33863423760523846e-03
-3.37499999999999023e+00 2.24487887007763544e-03
-3.29999999999999005e+00 4.49985937939439366e-03
-3.22499999999998987e+00 6.00882546239789664e-03
-3.14999999999998970e+00 5.25377615160896923e-03
-3.07499999999998952e+00 1.49546686606224881e-03
-2.99999999999998934e+00 2.05742074254184996e-03
-2.92499999999998916e+00 1.40186915887850457e-03
-2.84999999999998899e+00 1.21472621939824324e-03
-2.77499999999998881e+00 1.40186915887850457e-03
-2.69999999999998863e+00 1.96371797269496908e-03
-2.62499999999998845e+00 7.47174745493602369e-04
-2.54999999999998828e+00 2.24487887007763544e-03
-2.47499999999998810e+00 8.40650102746123644e-04
-2.39999999999998792e+00 7.47174745493602369e-04
-2.32499999999998774e+00 1.77636499626028423e-03
-2.24999999999998757e+00 1.87003272557269761e-03
-2.17499999999998739e+00 2.80767430978006534e-03
-2.09999999999998721e+00 1.40186915887850457e-03
-2.02499999999998703e+00 1.40186915887850457e-03
-1.94999999999998708e+00 1.21472621939824324e-03
-1.87499999999998712e+00 1.30828894495841502e-03
-1.79999999999998717e+00 1.40186915887850457e-03
-1.72499999999998721e+00 1.77636499626028423e-03
-1.64999999999998725e+00 1.40186915887850457e-03
-1.57499999999998730e+00 9.34142923867351655e-04
