-1.00000000000000000e+01 1.33103437162608567e-02
-9.00000000000000000e+00 1.34124083915182334e-02
-8.00000000000000000e+00 1.28370325033018724e-02
-7.00000000000000000e+00 1.25597797207864358e-02
-6.00000000000000000e+00 1.24660373940869845e-02
-5.00000000000000000e+00 2.31519300580591446e-03
-4.00000000000000000e+00 9.98881730015401068e-04
-3.00000000000000000e+00 7.12145866570122483e-04
-2.00000000000000000e+00 6.20584303990834437e-04
-1.00000000000000000e+00 6.72334432673066446e-04
0.00000000000000000e+00 7.20108533485046840e-04
1.00000000000000000e+00 7.28071327118866556e-04
2.00000000000000000e+00 6.40487566187030333e-04
3.00000000000000000e+00 8.11688311688311742e-04
4.00000000000000000e+00 6.84277530235518749e-04
5.00000000000000000e+00 6.40487566187030333e-04
6.00000000000000000e+00 6.84277530235518749e-04
7.00000000000000000e+00 7.04183326371068778e-04
8.00000000000000000e+00 6.68353463503126941e-04
9.00000000000000000e+00 6.68353463503126941e-04
-8.50000000000000000e+00 1.23274935706265167e-02
-8.42500000000000071e+00 1.27595495303245657e-02
-8.35000000000000142e+00 1.33756627399158785e-02
-8.27500000000000213e+00 1.30858737811287932e-02
-8.20000000000000284e+00 1.36533625636727062e-02
-8.12500000000000355e+00 1.27106190236537502e-02
-8.05000000000000426e+00 1.31634066960977028e-02
-7.97500000000000409e+00 1.35839233400897007e-02
-7.90000000000000391e+00 1.29553188490425467e-02
-7.82500000000000373e+00 1.28492677407274682e-02
-7.75000000000000355e+00 1.27391612446047797e-02
-7.67500000000000338e+00 1.33103437162608567e-02
-7.60000000000000320e+00 1.25638558678963490e-02
-7.52500000000000302e+00 1.16678933841717243e-02
-7.45000000000000284e+00 1.19690855618630743e-02
-7.37500000000000266e+00 1.25760845061350674e-02
-7.30000000000000249e+00 1.21645493724573360e-02
-7.22500000000000231e+00 1.26453857023805204e-02
-7.15000000000000213e+00 1.31266790992173935e-02
-7.07500000000000195e+00 1.31797309272536859e-02
-7.00000000000000178e+00 1.25557036064940248e-02
-6.92500000000000160e+00 1.30654723546848820e-02
-6.85000000000000142e+00 1.23356421577110846e-02
-6.77500000000000124e+00 1.32042182603301465e-02
-6.70000000000000107e+00 1.55400249512481683e-02
-6.62500000000000089e+00 1.42787439866769363e-02
-6.55000000000000071e+00 1.27310061601642703e-02
-6.47500000000000053e+00 1.31756498201489568e-02
-6.40000000000000036e+00 1.27880945094944361e-02
-6.32500000000000018e+00 1.34614067391645945e-02
-6.25000000000000000e+00 1.30287518576543415e-02
-6.17499999999999982e+00 1.31225984194881466e-02
-6.09999999999999964e+00 1.23234193262768132e-02
-6.02499999999999947e+00 1.18225372395843811e-02
-5.94999999999999929e+00 1.16597555433108242e-02
-5.87499999999999911e+00 1.07613299364285892e-02
-5.79999999999999893e+00 1.01159377221269574e-02
-5.72499999999999876e+00 1.11229473599581928e-02
-5.64999999999999858e+00 7.88979135528904488e-03
-5.57499999999999840e+00 7.41749439282281351e-03
-5.49999999999999822e+00 5.83831856425349495e-03
-5.42499999999999805e+00 5.23133365038385735e-03
-5.34999999999999787e+00 4.22399131247155370e-03
-5.27499999999999769e+00 3.49082610898558601e-03
-5.19999999999999751e+00 3.13064563085500543e-03
-5.12499999999999734e+00 2.63881691712839319e-03
-5.04999999999999716e+00 2.17542014295618071e-03
-4.97499999999999698e+00 1.75633535252159583e-03
-4.89999999999999680e+00 1.75633535252159583e-03
-4.82499999999999662e+00 1.46916544236213144e-03
-4.74999999999999645e+00 1.71245151372748919e-03
-4.67499999999999627e+00 1.41334596718648594e-03
-4.59999999999999609e+00 8.91336527289222761e-04
-4.52499999999999591e+00 1.14629603094999278e-03
-4.44999999999999574e+00 9.11250562070488627e-04
-4.37499999999999556e+00 7.36034247474606773e-04
-4.29999999999999538e+00 9.11250562070488627e-04
-4.22499999999999520e+00 8.71423284907664919e-04
-4.14999999999999503e+00 1.10645004656642273e-03
-4.07499999999999485e+00 9.74980798847532902e-04
-3.99999999999999467e+00 7.24089914461905747e-04
-3.92499999999999449e+00 7.16127184187911772e-04
-3.84999999999999432e+00 6.64372526007996371e-04
-3.77499999999999414e+00 7.71868957340314651e-04
-3.69999999999999396e+00 6.52429903567677653e-04
-3.62499999999999378e+00 6.72334432673066446e-04
-3.54999999999999361e+00 9.35148449842218609e-04
-3.47499999999999343e+00 7.47978865618435275e-04
-3.39999999999999325e+00 7.51960468363948838e-04
-3.32499999999999307e+00 6.04662264301058204e-04
-3.24999999999999289e+00 7.95760189709229186e-04
-3.17499999999999272e+00 7.51960468363948838e-04
-3.09999999999999254e+00 7.00202103789048240e-04
-3.02499999999999236e+00 6.08642726719415715e-04
-2.94999999999999218e+00 5.56899185336048831e-04
-2.87499999999999201e+00 7.16127184187911772e-04
-2.79999999999999183e+00 6.64372526007996371e-04
-2.72499999999999165e+00 7.40015755174142412e-04
-2.64999999999999147e+00 6.32526166294709456e-04
-2.57499999999999130e+00 6.40487566187030333e-04
