-1.00000000000000000e+01 1.69572486267016959e-01
-9.00000000000000000e+00 4.21366248137901647e-02
-8.00000000000000000e+00 6.20255909780958598e-02
-7.00000000000000000e+00 4.88327264938959102e-02
-6.00000000000000000e+00 4.68148781530568631e-02
-5.00000000000000000e+00 6.94474776151998291e-02
-4.00000000000000000e+00 1.21951219512195126e-02
-3.00000000000000000e+00 2.36204013377926438e-02
-2.00000000000000000e+00 4.08580183861082739e-04
-1.00000000000000000e+00 6.12995504699632206e-04
0.00000000000000000e+00 8.17494379726139411e-04
1.00000000000000000e+00 8.17494379726139411e-04
2.00000000000000000e+00 6.12995504699632206e-04
3.00000000000000000e+00 1.02207686017988545e-03
4.00000000000000000e+00 2.04248366013071902e-04
5.00000000000000000e+00 2.04248366013071902e-04
6.00000000000000000e+00 4.08580183861082739e-04
7.00000000000000000e+00 1.22674299734205688e-03
8.00000000000000000e+00 1.63632644712620175e-03
9.00000000000000000e+00 4.08580183861082739e-04
-1.45000000000000000e+01 8.43666961913197566e-02
-1.42750000000000004e+01 4.63675213675213693e-02
-1.40500000000000007e+01 6.66521455020692710e-02
-1.38250000000000011e+01 4.08076514346439947e-02
-1.36000000000000014e+01 6.29476883004124188e-02
-1.33750000000000018e+01 4.86081370449678793e-02
-1.31500000000000021e+01 8.50875249279858248e-02
-1.29250000000000025e+01 4.56972026478752943e-02
-1.27000000000000028e+01 3.92614601018675749e-02
-1.24750000000000032e+01 8.05383936451897625e-02
-1.22500000000000036e+01 4.45819112627986319e-02
-1.20250000000000039e+01 8.48471422241914019e-02
-1.18000000000000043e+01 7.20227670753064847e-02
-1.15750000000000046e+01 9.62614730244011618e-02
-1.13500000000000050e+01 5.88108108108108124e-02
-1.11250000000000053e+01 3.94820632562088714e-02
-1.09000000000000057e+01 4.86081370449678793e-02
-1.06750000000000060e+01 8.43666961913197566e-02
-1.04500000000000064e+01 4.77107402652973897e-02
-1.02250000000000068e+01 6.68845315904139370e-02
-1.00000000000000071e+01 4.77107402652973897e-02
-9.77500000000000746e+00 6.01861874864689297e-02
-9.55000000000000782e+00 5.83531445861249221e-02
-9.32500000000000817e+00 6.87472719336534310e-02
-9.10000000000000853e+00 6.43338404694631660e-02
-8.87500000000000888e+00 5.17611683848797285e-02
-8.65000000000000924e+00 5.51605257487610412e-02
-8.42500000000000959e+00 4.86081370449678793e-02
-8.20000000000000995e+00 5.49332184403274471e-02
-7.97500000000001030e+00 7.41390655845580171e-02
-7.75000000000001066e+00 8.60501219782656840e-02
-7.52500000000001101e+00 5.42518837459634029e-02
-7.30000000000001137e+00 4.72626176218990598e-02
-7.07500000000001172e+00 4.79349454312005124e-02
-6.85000000000001208e+00 5.24392864818396739e-02
-6.62500000000001243e+00 9.50357781753130570e-02
-6.40000000000001279e+00 7.13191861737037802e-02
-6.17500000000001315e+00 5.44788975021533173e-02
-5.95000000000001350e+00 9.92143658810325513e-02
-5.72500000000001386e+00 5.88108108108108124e-02
-5.50000000000001421e+00 6.41025641025640969e-02
-5.27500000000001457e+00 5.72107081174438661e-02
-5.05000000000001492e+00 4.25803704492229082e-02
-4.82500000000001528e+00 1.26005978385835826e-01
-4.60000000000001563e+00 4.68148781530568631e-02
-4.37500000000001599e+00 2.37866531850353891e-01
-4.15000000000001634e+00 2.53350083752093801e-02
-3.92500000000001625e+00 4.14717141641854498e-02
-3.70000000000001616e+00 5.95727198027937513e-03
-3.47500000000001608e+00 1.07327141382868932e-02
-3.25000000000001599e+00 2.53350083752093801e-02
-3.02500000000001590e+00 1.43149284253578737e-03
-2.80000000000001581e+00 4.08580183861082739e-04
-2.57500000000001572e+00 4.08580183861082739e-04
-2.35000000000001563e+00 7.40588356305287021e-03
-2.12500000000001554e+00 2.04248366013071902e-04
-1.90000000000001545e+00 6.12995504699632206e-04
-1.67500000000001537e+00 2.25133033155955776e-03
-1.45000000000001528e+00 4.08580183861082739e-04
-1.22500000000001519e+00 1.02207686017988545e-03
-1.00000000000001510e+00 6.12995504699632206e-04
-7.75000000000015121e-01 1.02207686017988545e-03
-5.50000000000015143e-01 1.22674299734205688e-03
-3.25000000000015166e-01 8.17494379726139411e-04
-1.00000000000015160e-01 4.08580183861082739e-04
1.24999999999984845e-01 8.17494379726139411e-04
3.49999999999984879e-01 4.08580183861082739e-04
5.74999999999984857e-01 1.63632644712620175e-03
7.99999999999984834e-01 2.04248366013071902e-04
1.02499999999998481e+00 1.63632644712620175e-03
1.24999999999998490e+00 8.17494379726139411e-04
1.47499999999998499e+00 3.27801679983609918e-03
1.69999999999998508e+00 4.08580183861082739e-04
1.92499999999998517e+00 8.17494379726139411e-04
2.14999999999998526e+00 2.25133033155955776e-03
2.37499999999998535e+00 1.22674299734205688e-03
2.59999999999998543e+00 4.08580183861082739e-04
2.82499999999998552e+00 6.12995504699632206e-04
3.04999999999998561e+00 2.04248366013071902e-04
3.27499999999998570e+00 2.04248366013071902e-04
3.49999999999998579e+00 3.27801679983609918e-03
