-1.00000000000000000e+01 3.90086532586056203e-02
-9.00000000000000000e+00 3.87288324859759031e-02
-8.00000000000000000e+00 3.78017247036896084e-02
-7.00000000000000000e+00 3.71210829387305374e-02
-6.00000000000000000e+00 4.25157398556218480e-02
-5.00000000000000000e+00 2.09109396688079013e-02
-4.00000000000000000e+00 3.28646837884478743e-03
-3.00000000000000000e+00 3.43926087618660848e-03
-2.00000000000000000e+00 2.28809745647227340e-03
-1.00000000000000000e+00 2.29445021930380555e-03
0.00000000000000000e+00 2.33892181409057782e-03
1.00000000000000000e+00 2.23727825276807740e-03
2.00000000000000000e+00 2.28174477417064907e-03
3.00000000000000000e+00 2.09755201105175449e-03
4.00000000000000000e+00 3.12099567374176951e-03
5.00000000000000000e+00 2.50413658004678633e-03
6.00000000000000000e+00 2.33892181409057782e-03
7.00000000000000000e+00 2.36433592586253894e-03
8.00000000000000000e+00 2.07850145114887907e-03
9.00000000000000000e+00 1.99595739423009911e-03
-9.00000000000000000e+00 3.94457481282824915e-02
-8.90000000000000036e+00 4.02115497201044614e-02
-8.80000000000000071e+00 3.79924645215496334e-02
-8.70000000000000107e+00 3.67946919132977543e-02
-8.60000000000000142e+00 4.07249944059073637e-02
-8.50000000000000178e+00 3.58506756801016610e-02
-8.40000000000000213e+00 3.60474867655537490e-02
-8.30000000000000249e+00 3.93637648296033399e-02
-8.20000000000000284e+00 3.93569334717968275e-02
-8.10000000000000320e+00 3.92544738796406431e-02
-8.00000000000000355e+00 3.95072440903473515e-02
-7.90000000000000391e+00 3.67131262538188188e-02
-7.80000000000000426e+00 3.62443726532243812e-02
-7.70000000000000462e+00 3.92271547333486667e-02
-7.60000000000000497e+00 3.63258645660622173e-02
-7.50000000000000533e+00 3.65160622169202198e-02
-7.40000000000000568e+00 3.59592518588882706e-02
-7.30000000000000604e+00 4.12252342417677928e-02
-7.20000000000000639e+00 3.81287501805338547e-02
-7.10000000000000675e+00 3.75565907748835401e-02
-7.00000000000000711e+00 3.78425916202877258e-02
-6.90000000000000746e+00 3.88380129022086185e-02
-6.80000000000000782e+00 3.52335812297056641e-02
-6.70000000000000817e+00 3.55250836558421573e-02
-6.60000000000000853e+00 3.99174031986531952e-02
-6.50000000000000888e+00 3.58642464577915501e-02
-6.40000000000000924e+00 3.76927619922567125e-02
-6.30000000000000959e+00 3.50032071001269776e-02
-6.20000000000000995e+00 3.72843555264021007e-02
-6.10000000000001030e+00 3.54165984612866275e-02
-6.00000000000001066e+00 3.68218833186902544e-02
-5.90000000000001101e+00 3.70462668459192734e-02
-5.80000000000001137e+00 3.77881031133511860e-02
-5.70000000000001172e+00 3.28332473368297961e-02
-5.60000000000001208e+00 3.30356617911247291e-02
-5.50000000000001243e+00 3.93637648296033399e-02
-5.40000000000001279e+00 2.89220438678109704e-02
-5.30000000000001315e+00 2.66774874208732353e-02
-5.20000000000001350e+00 2.43763401156953038e-02
-5.10000000000001386e+00 1.87799174070184711e-02
-5.00000000000001421e+00 1.98706248831044853e-02
-4.90000000000001457e+00 1.64617253636556472e-02
-4.80000000000001492e+00 1.39524743841290596e-02
-4.70000000000001528e+00 1.29522394178538478e-02
-4.60000000000001563e+00 1.12033354222352954e-02
-4.50000000000001599e+00 8.28901896272491931e-03
-4.40000000000001634e+00 5.20611511934653427e-03
-4.30000000000001670e+00 5.66638896485058188e-03
-4.20000000000001705e+00 6.29995418215140244e-03
-4.10000000000001741e+00 5.51931123065379711e-03
-4.00000000000001776e+00 5.23167483519906395e-03
-3.90000000000001767e+00 3.99989841527834209e-03
-3.80000000000001759e+00 9.05465335162556305e-03
-3.70000000000001750e+00 3.59846922261641096e-03
-3.60000000000001741e+00 3.51567457799213104e-03
-3.50000000000001732e+00 5.81990726311705335e-03
-3.40000000000001723e+00 2.24998257055755192e-03
-3.30000000000001714e+00 1.99595739423009911e-03
-3.20000000000001705e+00 2.47236027994725618e-03
-3.10000000000001696e+00 2.14835704553376214e-03
-3.00000000000001688e+00 2.46600526165647108e-03
-2.90000000000001679e+00 2.18646420219406916e-03
-2.80000000000001670e+00 1.93247121885078152e-03
-2.70000000000001661e+00 2.34527522121650081e-03
-2.60000000000001652e+00 2.86016881972057848e-03
-2.50000000000001643e+00 2.73934382569656710e-03
-2.40000000000001634e+00 2.56133899702022444e-03
-2.30000000000001625e+00 2.53591489469613381e-03
-2.20000000000001616e+00 2.26268721042991068e-03
-2.10000000000001608e+00 5.00807138408348486e-03
-2.00000000000001599e+00 2.39610537792540358e-03
-1.90000000000001590e+00 2.02135411716250057e-03
-1.80000000000001581e+00 2.26903965115099904e-03
-1.70000000000001572e+00 2.42787684388688510e-03
-1.60000000000001563e+00 2.29445021930380555e-03
-1.50000000000001554e+00 2.35162870888611401e-03
-1.40000000000001545e+00 2.38975132640706920e-03
-1.30000000000001537e+00 2.36433592586253894e-03
-1.20000000000001528e+00 1.63419392434568911e-03
-1.10000000000001519e+00 2.24998257055755192e-03
-1.00000000000001510e+00 1.91342693496882759e-03
