-1.00000000000000000e+01 3.32092607757016323e-01
-9.00000000000000000e+00 3.21760969123947416e-01
-8.00000000000000000e+00 3.32687867729202336e-01
-7.00000000000000000e+00 3.13803230543318656e-01
-6.00000000000000000e+00 3.26169124731342186e-01
-5.00000000000000000e+00 3.39371257485029942e-01
-4.00000000000000000e+00 2.70249165897636145e-01
-3.00000000000000000e+00 9.30678549269558369e-03
-2.00000000000000000e+00 9.47760352025273610e-03
-1.00000000000000000e+00 9.07911802853437165e-03
0.00000000000000000e+00 9.64847937708063035e-03
1.00000000000000000e+00 8.73780934663735340e-03
2.00000000000000000e+00 7.71526721856169440e-03
3.00000000000000000e+00 9.87640386026299513e-03
4.00000000000000000e+00 7.82878062517600691e-03
5.00000000000000000e+00 8.90843482183130420e-03
6.00000000000000000e+00 9.30678549269558369e-03
7.00000000000000000e+00 9.07911802853437165e-03
8.00000000000000000e+00 8.56724157366700427e-03
9.00000000000000000e+00 1.01044312729325434e-02
-6.50000000000000000e+00 3.25874333135743932e-01
-6.42499999999999982e+00 2.98360179944855586e-01
-6.34999999999999964e+00 3.47135436271926501e-01
-6.27499999999999947e+00 3.36370425690814046e-01
-6.19999999999999929e+00 3.44503719287700072e-01
-6.12499999999999911e+00 3.48251959011452672e-01
-6.04999999999999893e+00 3.56428138265615535e-01
-5.97499999999999876e+00 3.24500370096225010e-01
-5.89999999999999858e+00 3.35871593878312780e-01
-5.82499999999999840e+00 3.23031423290203346e-01
-5.74999999999999822e+00 3.23618610843997345e-01
-5.67499999999999805e+00 3.28630828630828653e-01
-5.59999999999999787e+00 3.49981139192757473e-01
-5.52499999999999769e+00 3.27940630797773636e-01
-5.44999999999999751e+00 3.58797175184144557e-01
-5.37499999999999734e+00 3.34675915566495119e-01
-5.29999999999999716e+00 3.18644067796610142e-01
-5.22499999999999698e+00 3.43090895443969091e-01
-5.14999999999999680e+00 3.53555219364599105e-01
-5.07499999999999662e+00 3.23129251700680298e-01
-4.99999999999999645e+00 3.22738024837374349e-01
-4.92499999999999627e+00 3.38269388976142393e-01
-4.84999999999999609e+00 3.33979424481884613e-01
-4.77499999999999591e+00 3.41278764710291560e-01
-4.69999999999999574e+00 3.25383304940374762e-01
-4.62499999999999556e+00 3.49268586940129688e-01
-4.54999999999999538e+00 3.36170848267622446e-01
-4.47499999999999520e+00 3.24402338835023341e-01
-4.39999999999999503e+00 3.26660735468564667e-01
-4.32499999999999485e+00 3.20980363206850750e-01
-4.24999999999999467e+00 3.04322472483417150e-01
-4.17499999999999449e+00 2.90494735323813646e-01
-4.09999999999999432e+00 2.94415509259259245e-01
-4.02499999999999414e+00 2.64414923685698133e-01
-3.94999999999999396e+00 2.13893222983515374e-01
-3.87499999999999378e+00 1.96762974852862482e-01
-3.79999999999999361e+00 1.69236800836382650e-01
-3.72499999999999343e+00 1.33679675620881899e-01
-3.64999999999999325e+00 1.18444902806425403e-01
-3.57499999999999307e+00 1.06548760126151748e-01
-3.49999999999999289e+00 1.05796564083549621e-01
-3.42499999999999272e+00 9.30303585608698302e-02
-3.34999999999999254e+00 1.49744753261486108e-02
-3.27499999999999236e+00 9.76242875684216541e-03
-3.19999999999999218e+00 1.05607951657536569e-02
-3.12499999999999201e+00 1.18179247950240315e-02
-3.04999999999999183e+00 1.11318302537153184e-02
-2.97499999999999165e+00 9.81941309255079074e-03
-2.89999999999999147e+00 9.42065775370903163e-03
-2.82499999999999130e+00 9.81941309255079074e-03
-2.74999999999999112e+00 7.99909869310500184e-03
-2.67499999999999094e+00 1.13032666440601327e-02
-2.59999999999999076e+00 9.24985899605188996e-03
-2.52499999999999059e+00 9.64847937708063035e-03
-2.44999999999999041e+00 9.42065775370903163e-03
-2.37499999999999023e+00 1.07320379575237233e-02
-2.29999999999999005e+00 9.36371841155234606e-03
-2.22499999999998987e+00 6.97805289814293784e-03
-2.14999999999998970e+00 7.37488036930698636e-03
-2.07499999999998952e+00 8.85155325026780113e-03
-1.99999999999998956e+00 8.68094701240135214e-03
-1.92499999999998961e+00 8.11267605633802895e-03
-1.84999999999998965e+00 7.48831709926242855e-03
-1.77499999999998970e+00 7.71526721856169440e-03
-1.69999999999998974e+00 8.28309009973516620e-03
-1.62499999999998979e+00 9.81941309255079074e-03
-1.54999999999998983e+00 9.02221720987932824e-03
-1.47499999999998987e+00 1.05607951657536569e-02
-1.39999999999998992e+00 8.05588417553940693e-03
-1.32499999999998996e+00 8.79467809223136686e-03
-1.24999999999999001e+00 9.30678549269558369e-03
-1.17499999999999005e+00 9.19293892053465664e-03
-1.09999999999999010e+00 9.99040469605463714e-03
-1.02499999999999014e+00 9.07911802853437165e-03
-9.49999999999990186e-01 8.96532280800676692e-03
-8.74999999999990230e-01 8.62409108843920948e-03
-7.99999999999990274e-01 9.93340106106784144e-03
-7.24999999999990319e-01 8.90843482183130420e-03
-6.49999999999990363e-01 7.65852010361527200e-03
-5.74999999999990408e-01 8.16947433658234308e-03
