-1.00000000000000000e+01 3.79205981840840325e-02
-9.00000000000000000e+00 3.74336206146078168e-02
-8.00000000000000000e+00 4.47071864031036367e-02
-7.00000000000000000e+00 3.97629680522157344e-02
-6.00000000000000000e+00 3.62839614373356711e-02
-5.00000000000000000e+00 3.22432058959005036e-02
-4.00000000000000000e+00 2.91063041608784819e-03
-3.00000000000000000e+00 4.66542255398560393e-04
-2.00000000000000000e+00 4.65518387976325055e-04
-1.00000000000000000e+00 4.59619172685489150e-04
0.00000000000000000e+00 5.91599290080851862e-04
1.00000000000000000e+00 4.06862412694107263e-04
2.00000000000000000e+00 3.97009197379739323e-04
3.00000000000000000e+00 1.30890052356020956e-04
4.00000000000000000e+00 3.89231268245215673e-04
5.00000000000000000e+00 3.26030255607720422e-04
6.00000000000000000e+00 3.30491109789146664e-04
7.00000000000000000e+00 7.82370582866084288e-04
8.00000000000000000e+00 5.26939797128178058e-04
9.00000000000000000e+00 2.03210729526519002e-04
-7.50000000000000000e+00 3.34178590834993683e-02
-7.42499999999999982e+00 4.30617953717046739e-02
-7.34999999999999964e+00 3.39935991696220033e-02
-7.27499999999999947e+00 3.26324055492539927e-02
-7.19999999999999929e+00 4.48149144035134908e-02
-7.12499999999999911e+00 4.35779816513761492e-02
-7.04999999999999893e+00 3.56270910570576013e-02
-6.97499999999999876e+00 3.51607474980072596e-02
-6.89999999999999858e+00 3.46023839174524131e-02
-6.82499999999999840e+00 3.24250912486206619e-02
-6.74999999999999822e+00 4.12397110700487152e-02
-6.67499999999999805e+00 4.45548948255968733e-02
-6.59999999999999787e+00 3.94893929653779077e-02
-6.52499999999999769e+00 4.06082598928633118e-02
-6.44999999999999751e+00 2.99612569952647442e-02
-6.37499999999999734e+00 3.69931431473800032e-02
-6.29999999999999716e+00 3.78880898088054738e-02
-6.22499999999999698e+00 3.30392665628783944e-02
-6.14999999999999680e+00 4.21080048619551991e-02
-6.07499999999999662e+00 2.95996401259559158e-02
-5.99999999999999645e+00 3.99077687123093328e-02
-5.92499999999999627e+00 3.95196702213459969e-02
-5.84999999999999609e+00 3.86725424948286683e-02
-5.77499999999999591e+00 3.43158440660385547e-02
-5.69999999999999574e+00 3.64925631269456957e-02
-5.62499999999999556e+00 3.40362236416134403e-02
-5.54999999999999538e+00 3.79844961240310072e-02
-5.47499999999999520e+00 2.97534475553698288e-02
-5.39999999999999503e+00 3.95881413101366944e-02
-5.32499999999999485e+00 4.50551343900758086e-02
-5.24999999999999467e+00 3.96923620933521890e-02
-5.17499999999999449e+00 3.49891661985394439e-02
-5.09999999999999432e+00 3.18938519861546102e-02
-5.02499999999999414e+00 3.58656944208919776e-02
-4.94999999999999396e+00 3.45703285000409574e-02
-4.87499999999999378e+00 3.05453991468616695e-02
-4.79999999999999361e+00 2.88402692778457759e-02
-4.72499999999999343e+00 2.74075183465628293e-02
-4.64999999999999325e+00 1.84824200418742327e-02
-4.57499999999999307e+00 1.65411416907158444e-02
-4.49999999999999289e+00 1.12994350282485875e-02
-4.42499999999999272e+00 7.00394396844825247e-03
-4.34999999999999254e+00 6.41113081435002070e-03
-4.27499999999999236e+00 6.49734199645599520e-03
-4.19999999999999218e+00 2.80093364454818286e-03
-4.12499999999999201e+00 1.61864681126578183e-03
-4.04999999999999183e+00 1.71221600263417838e-03
-3.97499999999999165e+00 1.17478136013575256e-03
-3.89999999999999147e+00 1.48934792462604416e-03
-3.82499999999999130e+00 4.03144527313041730e-04
-3.74999999999999112e+00 2.15109836386154739e-03
-3.67499999999999094e+00 9.84962899730776895e-04
-3.59999999999999076e+00 2.09987531990288084e-03
-3.52499999999999059e+00 1.24150548876110814e-03
-3.44999999999999041e+00 1.56484318967203503e-03
-3.37499999999999023e+00 6.50364203954214366e-04
-3.29999999999999005e+00 3.30185564287129377e-04
-3.22499999999998987e+00 3.27825858903750328e-04
-3.14999999999998970e+00 6.52060511215440844e-04
-3.07499999999998952e+00 3.24654243230959041e-04
-2.99999999999998934e+00 6.52230628750326063e-04
-2.92499999999998916e+00 5.22636702162409313e-04
-2.84999999999998899e+00 4.64190981432360740e-04
-2.77499999999998881e+00 3.27225130890052376e-04
-2.69999999999998863e+00 5.28366686480417382e-04
-2.62499999999998845e+00 3.33133453261376508e-04
-2.54999999999998828e+00 2.59605399792315673e-04
-2.47499999999998810e+00 7.94018394759478646e-04
-2.39999999999998792e+00 6.62471016893010950e-05
-2.32499999999998774e+00 4.51205362898027588e-04
-2.24999999999998757e+00 1.97238658777120309e-04
-2.17499999999998739e+00 3.91875122460975792e-04
-2.09999999999998721e+00 4.05761817812943810e-04
-2.02499999999998703e+00 5.80195977307890686e-04
-1.94999999999998708e+00 5.87544065804935351e-04
-1.87499999999998712e+00 2.61079563997128133e-04
-1.79999999999998717e+00 3.30185564287129377e-04
-1.72499999999998721e+00 5.22022838499184389e-04
-1.64999999999998725e+00 3.88626206360515578e-04
-1.57499999999998730e+00 4.00667779632721179e-04
