-1.00000000000000000e+01 7.89473684210526272e-02
-9.00000000000000000e+00 5.07139340226489405e-02
-8.00000000000000000e+00 5.11022044088176378e-02
-7.00000000000000000e+00 1.42187499999999994e-01
-6.00000000000000000e+00 4.74074074074074051e-02
-5.00000000000000000e+00 5.12206797510770737e-02
-4.00000000000000000e+00 1.83704262542436825e-01
-3.00000000000000000e+00 1.13960113960113953e-03
-2.00000000000000000e+00 2.73747604708458783e-04
-1.00000000000000000e+00 1.40805406927626024e-03
0.00000000000000000e+00 6.86106346483704920e-04
1.00000000000000000e+00 8.34724540901502529e-04
2.00000000000000000e+00 0.00000000000000000e+00
3.00000000000000000e+00 2.73373428102788394e-04
4.00000000000000000e+00 5.91191250369494585e-04
5.00000000000000000e+00 2.29160698940131767e-03
6.00000000000000000e+00 2.81848928974069886e-04
7.00000000000000000e+00 3.39097999321804028e-04
8.00000000000000000e+00 1.02986611740473735e-03
9.00000000000000000e+00 1.66297117516629712e-03
-6.50000000000000000e+00 6.73211781206171089e-02
-6.42499999999999982e+00 5.32395781014565542e-02
-6.34999999999999964e+00 3.31100478468899506e-01
-6.27499999999999947e+00 7.01311806256306736e-02
-6.19999999999999929e+00 5.27045769764216340e-02
-6.12499999999999911e+00 6.59340659340659357e-02
-6.04999999999999893e+00 4.75959203496843161e-02
-5.97499999999999876e+00 3.82338670548277526e-01
-5.89999999999999858e+00 4.67726847521047692e-02
-5.82499999999999840e+00 3.82716049382716028e-01
-5.74999999999999822e+00 5.27065527065527090e-02
-5.67499999999999805e+00 4.87930148947098088e-02
-5.59999999999999787e+00 1.03392568659127632e-01
-5.52499999999999769e+00 5.86820586820586826e-02
-5.44999999999999751e+00 5.71973307912297460e-02
-5.37499999999999734e+00 1.19838872104733138e-01
-5.29999999999999716e+00 8.41358337557019803e-02
-5.22499999999999698e+00 7.36377025036818872e-02
-5.14999999999999680e+00 9.47368421052631610e-02
-5.07499999999999662e+00 3.90913893291072345e-01
-4.99999999999999645e+00 3.16106804478897496e-01
-4.92499999999999627e+00 6.35235732009925558e-02
-4.84999999999999609e+00 1.17948717948717946e-01
-4.77499999999999591e+00 5.92417061611374418e-02
-4.69999999999999574e+00 5.90737240075614387e-02
-4.62499999999999556e+00 9.48113207547169878e-02
-4.54999999999999538e+00 3.22863741339491916e-01
-4.47499999999999520e+00 9.22855082912761304e-02
-4.39999999999999503e+00 1.20486507031546938e-01
-4.32499999999999485e+00 7.59946356727760342e-02
-4.24999999999999467e+00 5.92304366623432749e-02
-4.17499999999999449e+00 5.50000000000000003e-02
-4.09999999999999432e+00 3.75335120643431608e-02
-4.02499999999999414e+00 4.06929895245769571e-02
-3.94999999999999396e+00 2.94743239137040397e-02
-3.87499999999999378e+00 5.40452014412053719e-02
-3.79999999999999361e+00 5.41167375338229631e-02
-3.72499999999999343e+00 1.87522538766678702e-02
-3.64999999999999325e+00 4.43230115361262916e-02
-3.57499999999999307e+00 3.01632363378282475e-02
-3.49999999999999289e+00 5.64971751412429377e-03
-3.42499999999999272e+00 1.05189340813464233e-03
-3.34999999999999254e+00 1.80995475113122188e-02
-3.27499999999999236e+00 3.06919642857142851e-03
-3.19999999999999218e+00 2.79017857142857127e-04
-3.12499999999999201e+00 3.85559060637925008e-03
-3.04999999999999183e+00 1.38427464008859368e-03
-2.97499999999999165e+00 1.66066980348740663e-03
-2.89999999999999147e+00 1.28008371119637254e-01
-2.82499999999999130e+00 8.31485587583148558e-04
-2.74999999999999112e+00 5.75208513085993627e-04
-2.67499999999999094e+00 1.41843971631205683e-03
-2.59999999999999076e+00 1.10132158590308380e-03
-2.52499999999999059e+00 1.12517580872011254e-03
-2.44999999999999041e+00 1.66389351081530786e-03
-2.37499999999999023e+00 5.57724484104852236e-04
-2.29999999999999005e+00 1.06369626608095388e-01
-2.22499999999998987e+00 8.23045267489711917e-04
-2.14999999999998970e+00 2.76319425255595462e-04
-2.07499999999998952e+00 2.78784499581823250e-04
-1.99999999999998956e+00 8.93921334922526773e-04
-1.92499999999998961e+00 1.09349371241115358e-03
-1.84999999999998965e+00 5.56792873051224920e-04
-1.77499999999998970e+00 3.47826086956521763e-04
-1.69999999999998974e+00 1.70551449687322333e-03
-1.62499999999998979e+00 1.67832167832167832e-03
-1.54999999999998983e+00 0.00000000000000000e+00
-1.47499999999998987e+00 5.75705238917674196e-04
-1.39999999999998992e+00 1.38159712627797726e-03
-1.32499999999998996e+00 5.48847420417124059e-04
-1.24999999999999001e+00 1.07874865156418545e-03
-1.17499999999999005e+00 3.43170899107755650e-04
-1.09999999999999010e+00 2.93169158604514801e-04
-1.02499999999999014e+00 2.89855072463768109e-04
-9.49999999999990186e-01 2.74348422496570657e-04
-8.74999999999990230e-01 2.87686996547756042e-04
-7.99999999999990274e-01 5.79206487112655629e-04
-7.24999999999990319e-01 2.80662363177097978e-04
-6.49999999999990363e-01 0.00000000000000000e+00
-5.74999999999990408e-01 8.23045267489711917e-04
