-1.00000000000000000e+01 5.28464254192409499e-02
-9.00000000000000000e+00 4.79550214970786010e-02
-8.00000000000000000e+00 5.45056464623185077e-02
-7.00000000000000000e+00 4.35967302452316061e-02
-6.00000000000000000e+00 4.68292682926829268e-02
-5.00000000000000000e+00 4.71327572663000766e-02
-4.00000000000000000e+00 1.34576564452561762e-03
-3.00000000000000000e+00 1.91883334932361121e-04
-2.00000000000000000e+00 3.84800384800384782e-04
-1.00000000000000000e+00 1.25168496052378191e-03
0.00000000000000000e+00 2.87026406429391511e-04
1.00000000000000000e+00 7.65403750478377363e-04
2.00000000000000000e+00 3.83582662063674704e-04
3.00000000000000000e+00 3.85653682992672579e-04
4.00000000000000000e+00 4.80630587330577739e-04
5.00000000000000000e+00 4.84261501210653754e-04
6.00000000000000000e+00 7.65110941086457512e-04
7.00000000000000000e+00 9.58956655159186761e-05
8.00000000000000000e+00 2.87466462246071283e-04
9.00000000000000000e+00 7.68270431191779481e-04
-7.50000000000000000e+00 4.35827416712179158e-02
-7.42499999999999982e+00 4.21706440013076139e-02
-7.34999999999999964e+00 4.72735517515021006e-02
-7.27499999999999947e+00 4.35374149659863915e-02
-7.19999999999999929e+00 4.13625304136253022e-02
-7.12499999999999911e+00 4.50729120636323491e-02
-7.04999999999999893e+00 4.85746864310148199e-02
-6.97499999999999876e+00 4.84034751212907566e-02
-6.89999999999999858e+00 5.40056022408963582e-02
-6.82499999999999840e+00 4.66879050862353054e-02
-6.74999999999999822e+00 4.26976133128968705e-02
-6.67499999999999805e+00 4.86095410354962718e-02
-6.59999999999999787e+00 4.95520407034620095e-02
-6.52499999999999769e+00 4.66855524079320128e-02
-6.44999999999999751e+00 4.58735733099209855e-02
-6.37499999999999734e+00 4.89192263936291255e-02
-6.29999999999999716e+00 4.32215662247967050e-02
-6.22499999999999698e+00 4.80948720764247314e-02
-6.14999999999999680e+00 4.57111234089651389e-02
-6.07499999999999662e+00 4.93402180149168090e-02
-5.99999999999999645e+00 5.15590200445434285e-02
-5.92499999999999627e+00 4.92259717117719126e-02
-5.84999999999999609e+00 5.50293188994136206e-02
-5.77499999999999591e+00 5.42444522719267366e-02
-5.69999999999999574e+00 5.02994011976047872e-02
-5.62499999999999556e+00 4.72112676056338013e-02
-5.54999999999999538e+00 4.32713590084108021e-02
-5.47499999999999520e+00 4.25851125216387752e-02
-5.39999999999999503e+00 4.81699855378796282e-02
-5.32499999999999485e+00 4.70510996826786279e-02
-5.24999999999999467e+00 4.80490164463076436e-02
-5.17499999999999449e+00 4.74094141550965090e-02
-5.09999999999999432e+00 5.01972818939061816e-02
-5.02499999999999414e+00 5.21748929456840177e-02
-4.94999999999999396e+00 4.36465276284669981e-02
-4.87499999999999378e+00 5.03781138790035596e-02
-4.79999999999999361e+00 4.49884220972543852e-02
-4.72499999999999343e+00 4.82905982905982925e-02
-4.64999999999999325e+00 3.87966804979253121e-02
-4.57499999999999307e+00 3.66105377512221594e-02
-4.49999999999999289e+00 1.81509923207340169e-02
-4.42499999999999272e+00 1.37433260826577020e-02
-4.34999999999999254e+00 9.99417814865127124e-03
-4.27499999999999236e+00 5.87781846213143201e-03
-4.19999999999999218e+00 5.55501413117629860e-03
-4.12499999999999201e+00 4.38084112149532672e-03
-4.04999999999999183e+00 2.23431124927142045e-03
-3.97499999999999165e+00 2.70009643201542899e-03
-3.89999999999999147e+00 2.62441679626749602e-03
-3.82499999999999130e+00 1.53698366954851105e-03
-3.74999999999999112e+00 6.72624195253194936e-04
-3.67499999999999094e+00 1.26397666504618369e-03
-3.59999999999999076e+00 1.43444582576264697e-03
-3.52499999999999059e+00 1.26496059161233820e-03
-3.44999999999999041e+00 5.82580833090591273e-04
-3.37499999999999023e+00 2.88433804441880562e-04
-3.29999999999999005e+00 1.14569409967538670e-03
-3.22499999999998987e+00 9.60984047664808745e-04
-3.14999999999998970e+00 8.69313242538394672e-04
-3.07499999999998952e+00 6.71012269938650336e-04
-2.99999999999998934e+00 3.81679389312977095e-04
-2.92499999999998916e+00 7.74893452150329353e-04
-2.84999999999998899e+00 1.16335433834222003e-03
-2.77499999999998881e+00 5.84510472479298632e-04
-2.69999999999998863e+00 7.70564438451165515e-04
-2.62499999999998845e+00 9.62649210627647260e-04
-2.54999999999998828e+00 7.73769223329142069e-04
-2.47499999999998810e+00 5.77478344562078931e-04
-2.39999999999998792e+00 5.75650004797083337e-04
-2.32499999999998774e+00 1.25664572257129037e-03
-2.24999999999998757e+00 5.72956455309396530e-04
-2.17499999999998739e+00 3.84209009701277481e-04
-2.09999999999998721e+00 3.85802469135802448e-04
-2.02499999999998703e+00 7.66356930740492428e-04
-1.94999999999998708e+00 4.77418122791941181e-04
-1.87499999999998712e+00 3.83950854290650788e-04
-1.79999999999998717e+00 7.72573635924674062e-04
-1.72499999999998721e+00 5.77367205542725164e-04
-1.64999999999998725e+00 6.74178946354618146e-04
-1.57499999999998730e+00 5.75539568345323732e-04
