-1.00000000000000000e+01 4.25955414012738828e-02
-9.00000000000000000e+00 6.07959887182701331e-02
-8.00000000000000000e+00 5.06329113924050625e-02
-7.00000000000000000e+00 6.00397614314115285e-02
-6.00000000000000000e+00 8.71540685667079734e-02
-5.00000000000000000e+00 5.57195571955719574e-02
-4.00000000000000000e+00 4.64855782693923275e-02
-3.00000000000000000e+00 1.19225037257824143e-03
-2.00000000000000000e+00 2.98329355608591899e-04
-1.00000000000000000e+00 2.44798041615667086e-04
0.00000000000000000e+00 2.46123554024120094e-04
1.00000000000000000e+00 2.45700245700245694e-03
2.00000000000000000e+00 5.09554140127388487e-04
3.00000000000000000e+00 9.77995110024449787e-04
4.00000000000000000e+00 0.00000000000000000e+00
5.00000000000000000e+00 2.46244767298694914e-04
6.00000000000000000e+00 0.00000000000000000e+00
7.00000000000000000e+00 3.00751879699248106e-04
8.00000000000000000e+00 4.90075961774074959e-04
9.00000000000000000e+00 0.00000000000000000e+00
-6.50000000000000000e+00 4.99025341130604275e-02
-6.42499999999999982e+00 5.75342465753424653e-02
-6.34999999999999964e+00 5.19685039370078733e-02
-6.27499999999999947e+00 5.26946107784431114e-02
-6.19999999999999929e+00 8.45771144278607001e-02
-6.12499999999999911e+00 1.01415094339622647e-01
-6.04999999999999893e+00 5.70969039002814649e-02
-5.97499999999999876e+00 3.34027488546438989e-01
-5.89999999999999858e+00 5.95144870790916200e-02
-5.82499999999999840e+00 7.91004265219077130e-02
-5.74999999999999822e+00 1.09268292682926829e-01
-5.67499999999999805e+00 2.52064631956912033e-01
-5.59999999999999787e+00 5.94211822660098490e-02
-5.52499999999999769e+00 1.31666666666666654e-01
-5.44999999999999751e+00 3.44213649851632053e-01
-5.37499999999999734e+00 6.41905530884133990e-02
-5.29999999999999716e+00 7.20231632283749590e-02
-5.22499999999999698e+00 8.01150369761709086e-02
-5.14999999999999680e+00 9.57278481012658194e-02
-5.07499999999999662e+00 4.55806579468886267e-02
-4.99999999999999645e+00 5.89171974522293002e-02
-4.92499999999999627e+00 5.46906187624750517e-02
-4.84999999999999609e+00 5.28919330289193274e-02
-4.77499999999999591e+00 1.27360385697067091e-01
-4.69999999999999574e+00 1.02141680395387152e-01
-4.62499999999999556e+00 6.29343629343629279e-02
-4.54999999999999538e+00 5.41018387553041033e-02
-4.47499999999999520e+00 5.70098894706224518e-02
-4.39999999999999503e+00 4.80961923847695386e-02
-4.32499999999999485e+00 4.25381070542360865e-02
-4.24999999999999467e+00 5.40920266947664194e-02
-4.17499999999999449e+00 4.49716713881019858e-02
-4.09999999999999432e+00 8.90998162890385831e-02
-4.02499999999999414e+00 3.36963921034717506e-02
-3.94999999999999396e+00 3.77038043478260879e-02
-3.87499999999999378e+00 4.81798715203426153e-02
-3.79999999999999361e+00 8.81704628949302009e-03
-3.72499999999999343e+00 6.75024108003857270e-03
-3.64999999999999325e+00 2.46137732390678196e-02
-3.57499999999999307e+00 8.40751730959446095e-03
-3.49999999999999289e+00 4.76787954830614792e-03
-3.42499999999999272e+00 1.43734643734643730e-01
-3.34999999999999254e+00 2.92397660818713434e-03
-3.27499999999999236e+00 6.09198903441973780e-03
-3.19999999999999218e+00 2.25846925972396492e-03
-3.12499999999999201e+00 2.69806230071130719e-03
-3.04999999999999183e+00 1.71274773672620514e-03
-2.97499999999999165e+00 4.88162069807175983e-04
-2.89999999999999147e+00 2.36775818639798491e-02
-2.82499999999999130e+00 1.25093820365273947e-03
-2.74999999999999112e+00 4.85908649173955271e-04
-2.67499999999999094e+00 9.88630746416213450e-04
-2.59999999999999076e+00 1.23639960435212651e-03
-2.52499999999999059e+00 4.96894409937888217e-04
-2.44999999999999041e+00 2.43961941937057816e-04
-2.37499999999999023e+00 1.05362946912242683e-01
-2.29999999999999005e+00 2.41607324516785356e-02
-2.22499999999998987e+00 7.32958709992670367e-04
-2.14999999999998970e+00 4.95785820525532933e-04
-2.07499999999998952e+00 1.02654387865655478e-01
-1.99999999999998956e+00 1.49925037481259365e-03
-1.92499999999998961e+00 4.88042947779404601e-04
-1.84999999999998965e+00 9.68347639484978540e-02
-1.77499999999998970e+00 1.24100273020600650e-03
-1.69999999999998974e+00 7.31528895391367990e-04
-1.62499999999998979e+00 7.32600732600732600e-04
-1.54999999999998983e+00 1.46627565982404692e-03
-1.47499999999998987e+00 9.85707244948250431e-04
-1.39999999999998992e+00 9.87898246480612471e-04
-1.32499999999998996e+00 2.47402276100940153e-04
-1.24999999999999001e+00 7.33317037399168871e-04
-1.17499999999999005e+00 9.79911807937285627e-04
-1.09999999999999010e+00 4.93461633358006392e-04
-1.02499999999999014e+00 7.33137829912023460e-04
-9.49999999999990186e-01 2.45338567222767401e-04
-8.74999999999990230e-01 2.10463018641010233e-03
-7.99999999999990274e-01 1.50753768844221099e-03
-7.24999999999990319e-01 0.00000000000000000e+00
-6.49999999999990363e-01 9.89119683481701250e-04
-5.74999999999990408e-01 9.85464400098546439e-04
