-1.00000000000000000e+01 1.49794651534627093e-01
-9.00000000000000000e+00 1.49038160285732191e-01
-8.00000000000000000e+00 1.49110164180975058e-01
-7.00000000000000000e+00 1.53084323712507075e-01
-6.00000000000000000e+00 1.59243923254417302e-01
-5.00000000000000000e+00 1.47599974967144387e-01
-4.00000000000000000e+00 7.89938217122683195e-02
-3.00000000000000000e+00 4.73946633061202161e-03
-2.00000000000000000e+00 2.15870586949393380e-03
-1.00000000000000000e+00 2.70669291338582673e-03
0.00000000000000000e+00 2.81636224433993217e-03
1.00000000000000000e+00 3.66711365315672798e-03
2.00000000000000000e+00 3.72205041188866702e-03
3.00000000000000000e+00 2.62445665545804965e-03
4.00000000000000000e+00 3.80446682723888747e-03
5.00000000000000000e+00 3.03577289136855921e-03
6.00000000000000000e+00 3.52979806271548190e-03
7.00000000000000000e+00 2.62445665545804965e-03
8.00000000000000000e+00 3.41997264021887820e-03
9.00000000000000000e+00 2.48742619724469718e-03
-8.00000000000000000e+00 1.46810506566604132e-01
-7.90000000000000036e+00 1.50985438111975900e-01
-7.80000000000000071e+00 1.55118110236220463e-01
-7.70000000000000107e+00 1.53156835618161236e-01
-7.60000000000000142e+00 1.53084323712507075e-01
-7.50000000000000178e+00 1.52758132956152759e-01
-7.40000000000000213e+00 1.56429337201236057e-01
-7.30000000000000249e+00 1.52070113714896010e-01
-7.20000000000000284e+00 1.51238346360297593e-01
-7.10000000000000320e+00 1.56794095382286142e-01
-7.00000000000000355e+00 1.56137696236050699e-01
-6.90000000000000391e+00 1.48822202731487274e-01
-6.80000000000000426e+00 1.56064808977430330e-01
-6.70000000000000462e+00 1.50155235675980797e-01
-6.60000000000000497e+00 1.52758132956152759e-01
-6.50000000000000533e+00 1.54064004531294263e-01
-6.40000000000000568e+00 1.59537133643175566e-01
-6.30000000000000604e+00 1.47707713972774213e-01
-6.20000000000000639e+00 1.46272855133614627e-01
-6.10000000000000675e+00 1.46487855200225087e-01
-6.00000000000000711e+00 1.58401768793430209e-01
-5.90000000000000746e+00 1.50624333312417646e-01
-5.80000000000000782e+00 1.50516046052012437e-01
-5.70000000000000817e+00 1.57670454545454558e-01
-5.60000000000000853e+00 1.49326230021936707e-01
-5.50000000000000888e+00 1.60674726248496741e-01
-5.40000000000000924e+00 1.51166075520261151e-01
-5.30000000000000959e+00 1.48354573065723139e-01
-5.20000000000000995e+00 1.49182177100958824e-01
-5.10000000000001030e+00 1.47887323943661969e-01
-5.00000000000001066e+00 1.32888518209619139e-01
-4.90000000000001101e+00 1.37844378257632155e-01
-4.80000000000001137e+00 1.44198670951237007e-01
-4.70000000000001172e+00 1.29886934286330441e-01
-4.60000000000001208e+00 1.15691165733755166e-01
-4.50000000000001243e+00 1.18685944363103951e-01
-4.40000000000001279e+00 1.18072068776294128e-01
-4.30000000000001315e+00 9.72326103216155507e-02
-4.20000000000001350e+00 9.78566724540501642e-02
-4.10000000000001386e+00 8.97664467819575679e-02
-4.00000000000001421e+00 8.40328682903759699e-02
-3.90000000000001412e+00 7.63970415590514151e-02
-3.80000000000001403e+00 6.19661213261908234e-02
-3.70000000000001394e+00 2.10757837296063240e-02
-3.60000000000001386e+00 4.46428571428571404e-03
-3.50000000000001377e+00 4.71194148426156735e-03
-3.40000000000001368e+00 4.24424972617743704e-03
-3.30000000000001359e+00 3.33761934724919988e-03
-3.20000000000001350e+00 3.85941862374774170e-03
-3.10000000000001341e+00 2.56963997703725999e-03
-3.00000000000001332e+00 3.22783598216483869e-03
-2.90000000000001323e+00 4.51930977814297453e-03
-2.80000000000001315e+00 3.39252004049136807e-03
-2.70000000000001306e+00 3.85941862374774170e-03
-2.60000000000001297e+00 3.91437643709624441e-03
-2.50000000000001288e+00 3.17295330835088481e-03
-2.40000000000001279e+00 2.48742619724469718e-03
-2.30000000000001270e+00 2.67927932853979272e-03
-2.20000000000001261e+00 3.28272466146901920e-03
-2.10000000000001252e+00 3.91437643709624441e-03
-2.00000000000001243e+00 2.84378332558584681e-03
-1.90000000000001235e+00 3.03577289136855921e-03
-1.80000000000001226e+00 3.55725817485292098e-03
-1.70000000000001217e+00 2.89862998714758395e-03
-1.60000000000001208e+00 3.83194197345011625e-03
-1.50000000000001199e+00 2.78894266261996539e-03
-1.40000000000001190e+00 3.03577289136855921e-03
-1.30000000000001181e+00 4.27174895260001679e-03
-1.20000000000001172e+00 2.62445665545804965e-03
-1.10000000000001164e+00 2.98091122901055633e-03
-1.00000000000001155e+00 3.74952104658164091e-03
-9.00000000000011569e-01 2.73410799726589221e-03
-8.00000000000011591e-01 2.48742619724469718e-03
-7.00000000000011613e-01 3.14551422319474857e-03
-6.00000000000011635e-01 2.59704756697648996e-03
-5.00000000000011657e-01 2.81636224433993217e-03
-4.00000000000011680e-01 3.41997264021887820e-03
-3.00000000000011702e-01 3.03577289136855921e-03
-2.00000000000011696e-01 3.72205041188866702e-03
-1.00000000000011691e-01 3.83194197345011625e-03
-1.16850973341797726e-14 3.31017125348799035e-03
