-1.00000000000000000e+01 4.46591799425437447e-02
-9.00000000000000000e+00 4.36370752070967330e-02
-8.00000000000000000e+00 4.47273914462944858e-02
-7.00000000000000000e+00 4.37391956684823405e-02
-6.00000000000000000e+00 4.46591799425437447e-02
-5.00000000000000000e+00 2.29851986829065560e-02
-4.00000000000000000e+00 1.15758846165879298e-03
-3.00000000000000000e+00 1.03231457440485495e-03
-2.00000000000000000e+00 1.03231457440485495e-03
-1.00000000000000000e+00 1.03231457440485495e-03
0.00000000000000000e+00 1.03231457440485495e-03
1.00000000000000000e+00 1.15758846165879298e-03
2.00000000000000000e+00 1.22023716404367827e-03
3.00000000000000000e+00 1.12626705043173563e-03
4.00000000000000000e+00 1.09494759893633670e-03
5.00000000000000000e+00 8.75766295508570024e-04
6.00000000000000000e+00 8.44462515247239873e-04
7.00000000000000000e+00 1.15758846165879298e-03
8.00000000000000000e+00 7.50562922191643769e-04
9.00000000000000000e+00 7.19266973136942211e-04
-9.00000000000000000e+00 4.41138084051161602e-02
-8.90000000000000036e+00 4.42160221895904690e-02
-8.80000000000000071e+00 4.46250775307674707e-02
-8.70000000000000107e+00 4.37732402635527401e-02
-8.60000000000000142e+00 4.52392617997713561e-02
-8.50000000000000178e+00 4.39094408560057395e-02
-8.40000000000000213e+00 4.30927700632375010e-02
-8.30000000000000249e+00 4.34669188378387222e-02
-8.20000000000000284e+00 4.40456769983686783e-02
-8.10000000000000320e+00 4.37391956684823405e-02
-8.00000000000000355e+00 4.36370752070967330e-02
-7.90000000000000391e+00 4.38072870796229266e-02
-7.80000000000000426e+00 4.29907760503243017e-02
-7.70000000000000462e+00 4.29907760503243017e-02
-7.60000000000000497e+00 4.44545988641556269e-02
-7.50000000000000533e+00 4.40797415902639544e-02
-7.40000000000000568e+00 4.38072870796229266e-02
-7.30000000000000604e+00 4.43523383701576318e-02
-7.20000000000000639e+00 4.47615005387051457e-02
-7.10000000000000675e+00 4.38072870796229266e-02
-7.00000000000000711e+00 4.41478774431428855e-02
-6.90000000000000746e+00 4.56491193673822862e-02
-6.80000000000000782e+00 4.36030394938525245e-02
-6.70000000000000817e+00 4.36370752070967330e-02
-6.60000000000000853e+00 4.56149522938178037e-02
-6.50000000000000888e+00 4.41138084051161602e-02
-6.40000000000000924e+00 4.48297254056877897e-02
-6.30000000000000959e+00 4.47956118584301941e-02
-6.20000000000000995e+00 4.47956118584301941e-02
-6.10000000000001030e+00 4.32968179447052667e-02
-6.00000000000001066e+00 4.39434965582487860e-02
-5.90000000000001101e+00 4.40797415902639544e-02
-5.80000000000001137e+00 4.39775544825786249e-02
-5.70000000000001172e+00 4.45909773454331790e-02
-5.60000000000001208e+00 4.37051532941943877e-02
-5.50000000000001243e+00 4.43523383701576318e-02
-5.40000000000001279e+00 4.35690060005217844e-02
-5.30000000000001315e+00 4.26509400149881063e-02
-5.20000000000001350e+00 4.19040797056620951e-02
-5.10000000000001386e+00 3.43601512751721266e-02
-5.00000000000001421e+00 2.21029768749201466e-02
-4.90000000000001457e+00 1.30429276940610354e-02
-4.80000000000001492e+00 7.71532042198079006e-03
-4.70000000000001528e+00 5.62521605229251119e-03
-4.60000000000001563e+00 3.44935716525556586e-03
-4.50000000000001599e+00 3.13479623824451398e-03
-4.40000000000001634e+00 2.34925606891151157e-03
-4.30000000000001670e+00 1.84715569330953940e-03
-4.20000000000001705e+00 2.25507391631170123e-03
-4.10000000000001741e+00 1.40823032389297441e-03
-4.00000000000001776e+00 1.18891183280145168e-03
-3.90000000000001767e+00 1.09494759893633670e-03
-3.80000000000001759e+00 1.31422492020777273e-03
-3.70000000000001750e+00 1.09494759893633670e-03
-3.60000000000001741e+00 1.25156445556946186e-03
-3.50000000000001732e+00 1.06363010698867539e-03
-3.40000000000001723e+00 9.07072034030840407e-04
-3.30000000000001714e+00 8.44462515247239873e-04
-3.20000000000001705e+00 9.07072034030840407e-04
-3.10000000000001696e+00 1.18891183280145168e-03
-3.00000000000001688e+00 1.18891183280145168e-03
-2.90000000000001679e+00 9.07072034030840407e-04
-2.80000000000001670e+00 1.09494759893633670e-03
-2.70000000000001661e+00 1.12626705043173563e-03
-2.60000000000001652e+00 1.12626705043173563e-03
-2.50000000000001643e+00 9.38379730997810496e-04
-2.40000000000001634e+00 9.07072034030840407e-04
-2.30000000000001625e+00 9.07072034030840407e-04
-2.20000000000001616e+00 1.06363010698867539e-03
-2.10000000000001608e+00 9.07072034030840407e-04
-2.00000000000001599e+00 1.00100100100100099e-03
-1.90000000000001590e+00 9.38379730997810496e-04
-1.80000000000001581e+00 7.50562922191643769e-04
-1.70000000000001572e+00 1.09494759893633670e-03
-1.60000000000001563e+00 9.07072034030840407e-04
-1.50000000000001554e+00 1.00100100100100099e-03
-1.40000000000001545e+00 9.38379730997810496e-04
-1.30000000000001537e+00 9.07072034030840407e-04
-1.20000000000001528e+00 7.81860828772478486e-04
-1.10000000000001519e+00 1.37689322818875946e-03
-1.00000000000001510e+00 1.12626705043173563e-03
