-1.00000000000000000e+01 1.47097460277743036e-01
-9.00000000000000000e+00 1.53301886792452824e-01
-8.00000000000000000e+00 1.46452016255079726e-01
-7.00000000000000000e+00 1.47384557627330742e-01
-6.00000000000000000e+00 1.45735707591377689e-01
-5.00000000000000000e+00 1.43627802550749945e-01
-4.00000000000000000e+00 8.25290002656512839e-02
-3.00000000000000000e+00 3.66711365315672798e-03
-2.00000000000000000e+00 2.21347761928184948e-03
-1.00000000000000000e+00 3.28272466146901920e-03
0.00000000000000000e+00 3.00834130999589775e-03
1.00000000000000000e+00 3.83194197345011625e-03
2.00000000000000000e+00 2.73410799726589221e-03
3.00000000000000000e+00 3.20039389463318584e-03
4.00000000000000000e+00 2.87120590648072202e-03
5.00000000000000000e+00 3.33761934724919988e-03
6.00000000000000000e+00 2.92605556770947264e-03
7.00000000000000000e+00 3.31017125348799035e-03
8.00000000000000000e+00 3.03577289136855921e-03
9.00000000000000000e+00 2.92605556770947264e-03
-8.00000000000000000e+00 1.39222812412636288e-01
-7.90000000000000036e+00 1.53301886792452824e-01
-7.80000000000000071e+00 1.54681695107360989e-01
-7.70000000000000107e+00 1.46882231534179758e-01
-7.60000000000000142e+00 1.45234823882088443e-01
-7.50000000000000178e+00 1.48318617321059554e-01
-7.40000000000000213e+00 1.46953965474105580e-01
-7.30000000000000249e+00 1.47599974967144387e-01
-7.20000000000000284e+00 1.44127281235376686e-01
-7.10000000000000320e+00 1.38303485520965885e-01
-7.00000000000000355e+00 1.52142498115104302e-01
-6.90000000000000391e+00 1.53882456581928007e-01
-6.80000000000000426e+00 1.46022123617273930e-01
-6.70000000000000462e+00 1.54463611181062693e-01
-6.60000000000000497e+00 1.48858190019734993e-01
-6.50000000000000533e+00 1.47528160200250308e-01
-6.40000000000000568e+00 1.46487855200225087e-01
-6.30000000000000604e+00 1.48498418563868112e-01
-6.20000000000000639e+00 1.52540774959932124e-01
-6.10000000000000675e+00 1.46022123617273930e-01
-6.00000000000000711e+00 1.54754408060453402e-01
-5.90000000000000746e+00 1.47420454900979270e-01
-5.80000000000000782e+00 1.37809077653336637e-01
-5.70000000000000817e+00 1.49470319062245338e-01
-5.60000000000000853e+00 1.50624333312417646e-01
-5.50000000000000888e+00 1.52866842700867589e-01
-5.40000000000000924e+00 1.42167549050140146e-01
-5.30000000000000959e+00 1.50913199020900030e-01
-5.20000000000000995e+00 1.40959432553509206e-01
-5.10000000000001030e+00 1.43948845913911411e-01
-5.00000000000001066e+00 1.38197504810378013e-01
-4.90000000000001101e+00 1.33203559510567310e-01
-4.80000000000001137e+00 1.28253245554666828e-01
-4.70000000000001172e+00 1.38515506162108476e-01
-4.60000000000001208e+00 1.22280363536215922e-01
-4.50000000000001243e+00 1.11464678607146109e-01
-4.40000000000001279e+00 1.07771770320476037e-01
-4.30000000000001315e+00 9.43187921465656193e-02
-4.20000000000001350e+00 9.31445603576751130e-02
-4.10000000000001386e+00 9.19078242229367653e-02
-4.00000000000001421e+00 8.27207510406518520e-02
-3.90000000000001412e+00 7.18043135192004273e-02
-3.80000000000001403e+00 6.39686684073107054e-02
-3.70000000000001394e+00 2.93003283657489282e-02
-3.60000000000001386e+00 3.55725817485292098e-03
-3.50000000000001377e+00 3.74952104658164091e-03
-3.40000000000001368e+00 3.58471978984238170e-03
-3.30000000000001359e+00 3.14551422319474857e-03
-3.20000000000001350e+00 3.31017125348799035e-03
-3.10000000000001341e+00 3.69458128078817716e-03
-3.00000000000001332e+00 4.98725783026881826e-03
-2.90000000000001323e+00 2.98091122901055633e-03
-2.80000000000001315e+00 3.80446682723888747e-03
-2.70000000000001306e+00 2.40522589990980421e-03
-2.60000000000001297e+00 3.52979806271548190e-03
-2.50000000000001288e+00 3.06320597325164794e-03
-2.40000000000001279e+00 3.03577289136855921e-03
-2.30000000000001270e+00 2.84378332558584681e-03
-2.20000000000001261e+00 3.55725817485292098e-03
-2.10000000000001252e+00 3.74952104658164091e-03
-2.00000000000001243e+00 3.09064055576828423e-03
-1.90000000000001235e+00 3.39252004049136807e-03
-1.80000000000001226e+00 3.03577289136855921e-03
-1.70000000000001217e+00 3.44742674218172880e-03
-1.60000000000001208e+00 3.25527957106904473e-03
-1.50000000000001199e+00 3.33761934724919988e-03
-1.40000000000001190e+00 3.14551422319474857e-03
-1.30000000000001181e+00 3.85941862374774170e-03
-1.20000000000001172e+00 2.98091122901055633e-03
-1.10000000000001164e+00 2.73410799726589221e-03
-1.00000000000001155e+00 2.95348264828944112e-03
-9.00000000000011569e-01 3.58471978984238170e-03
-8.00000000000011591e-01 2.54223388551746759e-03
-7.00000000000011613e-01 2.73410799726589221e-03
-6.00000000000011635e-01 2.89862998714758395e-03
-5.00000000000011657e-01 2.87120590648072202e-03
-4.00000000000011680e-01 3.25527957106904473e-03
-3.00000000000011702e-01 3.33761934724919988e-03
-2.00000000000011696e-01 3.47488234650322877e-03
-1.00000000000011691e-01 3.58471978984238170e-03
-1.16850973341797726e-14 2.43262450117531304e-03
